c14jmt, 1000, 60, 50, 6, 153996.38139661355, 0.2610887000132473, 7.347695158675006, 6.809835913168781, 7.105527638190955, 7.569356070246883[, 169.6258812940647, 173.96094373503593, 173.05663745537163, 172.29959246613063]
,[, 7.208103695070406, 172.23576373765073,5.555,11.542,16.03,20.143,25.001,30.561,37.893,42.181,46.854,50.981,54.478,57.834,61.239,65.173,68.026,71.314,74.146,77.343,81.287,84.042,87.422,91.962,95.129,98.002,101.859,104.529,107.664,111.318,114.555,118.68,121.27,125.082,128.438,131.895,135.247,138.291,141.497,145.08,149.238,151.852,155.601,158.613,161.549,165.326,169.058,172.115,176.035,179.385,182.63,185.983,189.314,193.321,195.726,199.608,202.795,205.674,208.805,212.108,215.578,218.772,222.346,226.286,228.882,232.89,237.599,240.18,243.798,247.131,250.476,255.531,259.722,265.367,269.592,274.026,277.97,282.394,287.17,290.714,295.524,299.898,304.668,309.543,313.622,317.489,320.26,324.658,329.47,333.881,338.305,342.686,346.342,351.728,356.783,360.651,363.546,366.98,371.057,374.7,378.773,382.455]
c14jmt, 1000, 60, 100, 6, 319670.1245262588, 0.5419754444143656, 7.061688311688312, 6.955762514551804, 6.7879260740235035, 7.2575559113181[, 188.70639609555613, 195.40517151496195, 195.95459063562646, 196.12266569022336]
,[, 7.015733202895429, 194.047205984092,3.299,4.993,6.11,7.435,9.763,11.473,12.827,14.928,17.024,17.986,19.613,21.233,23.136,24.269,25.768,26.599,27.843,29.299,30.73,32.115,33.539,34.977,36.467,37.783,39.186,40.605,41.927,43.439,44.775,46.189,47.504,49.305,50.749,52.065,53.716,55.805,56.656,58.139,59.965,61.281,63.0,63.984,65.524,66.909,68.86,70.405,71.679,73.029,74.991,76.17,77.536,79.077,80.71,82.211,83.915,85.49,86.626,88.338,90.007,91.597,92.981,94.868,96.039,97.542,98.956,100.926,102.61,103.937,107.49,110.105,112.99,116.044,118.95,121.91,124.267,127.2,130.611,133.657,136.205,139.137,141.981,144.963,148.144,151.213,154.467,157.421,160.408,163.235,165.599,168.802,170.23,171.657,173.541,175.055,176.24,178.073,179.996,181.816,182.9,184.686]
c14jmt, 1000, 60, 150, 6, 404185.83818559384, 0.6852651607693038, 7.2621433342876225, 7.137724550898203, 7.163461538461538, 7.334414964687917[, 198.8206421074295, 199.89048233169976, 192.65069911962715, 188.01869303259693]
,[, 7.22443609708382, 194.84512914783835,2.569,4.547,5.206,7.046,8.794,9.632,11.499,12.684,14.338,15.665,16.998,17.754,19.791,21.293,21.902,24.062,27.256,28.191,29.686,31.825,32.772,34.778,36.156,36.751,39.097,39.49,41.892,42.924,44.144,45.887,47.466,48.635,50.013,51.777,52.687,53.774,55.312,56.409,58.553,59.091,61.126,62.197,64.174,65.643,66.986,67.76,70.278,71.708,72.659,74.311,75.989,77.452,78.645,79.261,81.025,82.324,84.1,85.773,87.222,88.067,89.93,91.256,92.798,94.115,94.788,97.024,98.354,99.541,101.188,102.376,104.11,105.438,106.567,107.824,109.575,111.119,114.571,116.082,117.225,119.072,120.358,121.046,123.048,124.933,126.124,127.139,128.872,130.366,131.163,133.25,134.38,135.192,137.357,137.894,139.613,141.288,143.148,143.459,145.243,147.337]
c14jmt, 1000, 60, 200, 6, 380173.7168640722, 0.6445545058594974, 8.716383749761587, 9.033613445378151, 9.275002388002674, 8.777190727783331[, 330.5984642707898, 325.84720764224227, 327.2037271004422, 330.1711974954344]
,[, 8.950547577731435, 328.4551491272272,2.449,4.44,5.209,7.169,8.596,9.519,11.122,12.773,14.076,15.748,16.906,18.107,19.689,20.676,22.555,23.397,24.756,26.764,28.024,29.611,30.944,32.327,33.276,35.033,36.179,37.725,38.562,39.962,41.199,42.794,43.738,45.169,46.585,48.037,49.402,50.766,52.213,53.667,55.089,56.449,57.823,59.189,60.595,62.04,63.393,64.77,66.267,67.648,69.073,70.443,71.841,73.218,74.611,76.056,77.546,79.263,80.565,82.655,84.298,86.928,87.859,90.179,91.056,92.463,93.917,95.878,97.849,99.764,100.891,102.605,103.895,105.463,106.68,108.338,110.0,112.168,113.636,115.238,116.497,117.451,118.53,120.52,122.103,122.829,124.218,126.243,127.693,129.981,132.172,133.412,134.975,135.862,137.657,139.549,142.253,144.445,147.128,149.66,151.187,154.229]
c14jmt, 1000, 60, 250, 6, 343636.0087372775, 0.5826077079557249, 8.09685962920923, 7.701570176283595, 7.978031507443273, 7.804971136873242[, 467.2274083985179, 470.3185826853833, 467.7205381917177, 465.5428201811126]
,[, 7.895358112452335, 467.7023373641829,3.853,5.591,8.045,10.015,12.173,14.544,16.581,19.264,20.947,23.187,25.483,27.687,30.153,32.052,34.417,36.592,38.94,41.261,43.267,45.504,47.814,49.99,52.317,54.13,55.826,56.894,58.115,60.053,61.462,62.877,63.809,65.327,66.779,68.051,69.23,70.994,72.266,74.012,75.208,76.282,78.054,79.595,80.884,82.145,83.469,84.824,86.677,87.781,88.882,90.416,92.159,93.377,94.766,95.859,97.803,101.559,102.937,105.964,108.135,110.343,112.711,114.979,117.325,119.769,121.812,123.789,124.836,126.151,128.163,129.297,130.418,132.722,133.619,135.33,136.803,137.584,139.033,140.729,142.058,143.144,145.132,145.877,147.339,148.956,150.309,151.705,152.964,154.738,156.477,158.492,159.823,160.419,162.414,163.627,165.069,166.822,168.143,169.662,170.427,172.099]
c14jmt, 1000, 60, 300, 6, 406747.41246421484, 0.6896081076121264, 7.983878706458114, 7.9112559298481, 7.877513973152439, 7.852602399273527[, 489.86995515695065, 489.1907586637527, 487.5655984235636, 487.68303941908715]
,[, 7.9063127521830445, 488.57733791583854,2.257,3.75,5.12,6.552,8.296,9.372,10.822,12.536,13.82,14.931,16.544,18.209,19.323,20.741,22.208,23.602,24.968,26.344,27.96,29.44,31.076,32.474,34.4,35.71,36.971,38.618,40.147,41.031,42.806,44.092,45.254,46.942,48.387,49.664,51.317,52.228,53.923,55.166,56.811,58.175,59.107,60.44,61.74,63.037,64.577,65.874,67.501,68.709,70.16,71.622,73.112,74.421,75.864,77.638,78.81,80.198,81.607,82.99,85.104,87.802,88.991,90.338,91.771,93.225,94.533,95.94,97.44,98.691,100.152,101.61,102.927,104.392,105.646,107.07,108.841,110.271,111.654,113.064,114.539,116.04,117.574,118.603,120.581,121.923,122.763,124.391,125.981,127.564,129.0,130.292,131.195,132.525,133.932,135.914,137.387,138.775,140.545,142.088,143.331,145.256]
c14jmt, 1000, 60, 350, 6, 414582.3248838808, 0.7028915827159979, 6.539703647416413, 6.914036584210027, 7.007243975190569, 8.715930622358258[, 579.8943543879262, 576.50460723922, 569.5368362099689, 522.0159667890787]
,[, 7.294228707293817, 561.9879411565485,2.635,4.088,5.47,6.564,7.929,9.556,11.025,12.02,13.405,14.889,16.273,17.676,19.444,20.818,21.848,23.462,24.651,25.965,27.591,28.763,30.204,31.983,33.172,34.553,35.864,37.135,38.53,39.997,41.714,43.716,45.438,47.201,48.371,49.526,50.894,52.258,53.805,55.445,56.872,58.231,59.443,60.699,62.37,63.537,65.256,67.143,68.268,70.07,71.339,72.732,74.088,76.405,78.198,78.227,80.998,81.685,82.889,84.915,85.444,86.942,88.907,90.925,92.154,92.549,93.586,96.201,96.415,98.942,99.134,100.803,102.145,104.183,105.085,106.446,108.774,109.015,110.352,111.949,113.351,116.004,116.004,118.25,118.91,121.623,121.623,123.184,124.882,125.797,127.076,129.484,130.062,132.289,133.195,135.405,135.719,137.062,138.921,140.885,143.018,143.978]
c14jmt, 1000, 60, 400, 6, 408309.6806505242, 0.6922568099136762, 8.511454040065178, 8.281017875113816, 8.88888888888889, 8.512579220280392[, 666.9865374541645, 667.1097236010241, 659.5771139081841, 667.4610338493834]
,[, 8.548485006087068, 665.283602203189,2.624,4.04,5.343,6.522,7.911,9.681,10.742,12.145,13.775,15.097,16.384,17.927,19.347,20.774,22.189,23.582,24.658,26.099,27.387,28.976,30.344,31.665,33.375,34.452,36.156,37.381,38.678,40.319,41.526,43.133,44.51,45.968,47.115,48.403,49.809,51.3,52.642,54.31,55.786,57.195,58.58,59.62,61.014,62.36,63.869,65.477,66.677,68.336,69.449,71.187,72.591,73.724,75.416,76.429,77.803,79.077,81.147,81.962,83.334,84.816,86.634,87.541,89.028,90.201,92.02,93.295,94.675,96.028,97.307,98.778,100.16,101.868,103.188,104.279,105.691,107.224,108.519,109.908,111.23,112.862,114.198,116.92,119.153,120.601,122.194,123.382,124.765,126.172,127.475,128.952,130.28,131.691,133.006,134.474,135.806,137.336,138.69,140.076,142.084,143.697]
c14jmt, 1000, 60, 450, 6, 336988.50913550257, 0.5713373974872209, 9.548987707881418, 15.193049296101844, 14.809763438837416, 15.65217391304348[, 835.7782663002748, 852.6972004601984, 854.1292370542122, 847.1752023057311]
,[, 13.80099358896604, 847.4449765301041,2.38,4.076,5.356,6.869,8.202,9.521,10.794,12.369,13.627,15.183,16.545,18.032,19.193,20.905,22.079,23.722,25.065,26.266,27.692,29.084,30.537,31.847,33.501,34.89,36.214,37.469,38.846,40.247,41.781,43.011,44.657,46.032,47.218,48.818,50.038,51.543,52.749,54.443,55.708,57.212,58.352,59.819,61.284,62.842,63.944,65.401,66.819,68.338,69.641,70.957,72.52,73.858,75.448,76.662,78.124,79.366,81.263,83.074,86.523,89.504,92.164,93.847,95.767,97.237,99.299,101.346,103.693,105.729,107.323,109.568,111.712,113.387,115.276,117.475,119.419,121.627,123.603,125.802,127.477,129.299,131.11,132.99,134.923,136.93,139.187,141.309,143.677,145.11,146.881,148.759,150.774,152.685,154.96,157.588,159.107,160.933,162.982,165.018,167.552,169.556]
c14jmt, 1000, 60, 500, 6, 311446.8606752148, 0.5280335501356588, 22.89492585238075, 26.011708901329, 26.836329070169374, 25.513322715337267[, 848.326794520548, 841.0352893612106, 847.7506643831572, 853.8285945446139]
,[, 25.314071634804097, 847.7353357023824,3.281,6.9,9.845,12.984,16.408,19.701,23.025,26.224,29.472,32.664,35.788,38.613,41.628,44.538,47.288,50.267,52.809,55.125,56.925,58.243,59.873,61.165,62.52,63.848,65.313,66.871,68.157,69.623,70.86,72.468,73.754,75.277,76.453,77.962,79.37,80.622,82.133,83.565,84.929,86.389,87.693,89.076,90.517,91.827,93.327,94.638,96.121,97.37,98.806,100.24,101.573,103.134,104.354,105.821,107.646,108.649,109.994,111.287,112.732,114.184,116.084,118.208,119.334,120.461,121.593,123.181,124.516,126.046,127.275,128.669,130.486,132.072,132.927,134.623,136.095,137.435,139.026,140.104,141.951,143.436,144.409,145.798,147.192,148.258,150.284,151.516,152.743,154.27,155.893,156.971,159.108,160.974,162.453,163.674,165.079,166.738,168.399,168.842,170.146,172.022]
