c14jmt, 1000, 60, 50, 6, 222841.50855997298, 0.37781017483176843, 7.219862789937929, 6.9793621013133205, 7.200899473603515, 7.142857142857142[, 147.33521126760564, 147.38624445340864, 147.35372838418328, 146.89165004581963]
,[, 7.135745376927977, 147.2417085377543,4.193,7.586,11.574,14.744,17.804,21.121,24.723,26.459,28.48,31.027,33.44,35.915,38.501,40.981,43.459,45.924,48.441,50.919,53.356,55.806,58.265,60.793,63.404,65.908,68.288,70.9,73.394,75.896,78.489,80.859,83.428,85.927,88.53,91.003,93.531,95.893,98.39,100.88,103.25,105.759,108.428,110.888,113.391,115.831,118.341,120.921,123.297,125.741,128.258,130.724,133.19,135.671,138.151,140.617,143.149,145.634,148.095,150.583,152.956,155.466,157.907,161.346,163.726,166.304,168.642,171.47,174.143,176.901,179.383,182.345,185.536,188.293,190.861,193.87,196.33,199.066,201.774,204.43,207.081,209.629,212.483,215.082,218.015,220.443,223.378,225.884,228.483,231.331,234.145,236.608,239.223,241.924,244.532,247.261,249.787,252.531,255.178,257.994,260.752,263.369]
c14jmt, 1000, 60, 100, 6, 396594.35160360433, 0.6723943949442619, 7.143544352511063, 7.241346061132002, 7.565363396497961, 7.31636080416687[, 163.03367352225044, 161.20852390852392, 160.9784616981524, 161.08356092436975]
,[, 7.316653653576974, 161.57605501332412,3.395,4.588,6.69,7.698,9.711,11.529,13.24,14.893,17.172,18.817,20.486,21.762,22.84,24.98,25.764,26.382,27.857,29.171,30.658,31.99,33.368,34.898,36.188,37.65,39.926,41.914,43.374,44.716,46.166,47.535,48.882,50.327,51.7,53.239,54.651,55.997,57.454,58.832,60.203,61.724,63.061,64.57,66.024,67.45,68.8,70.237,71.769,73.087,74.408,75.925,77.292,78.61,80.085,81.472,82.91,84.379,85.702,87.126,88.471,89.817,91.425,92.776,94.18,95.556,97.363,99.475,100.82,102.231,103.659,105.141,106.493,107.934,109.553,110.873,112.332,113.598,115.18,116.355,117.83,119.162,120.616,122.018,123.596,124.86,126.292,127.638,129.107,130.687,131.99,133.338,134.673,136.16,137.544,138.84,140.489,141.971,143.969,145.472,146.783,148.808]
c14jmt, 1000, 60, 150, 6, 418179.58347558894, 0.7089904504997914, 6.690654478265098, 6.878332525448376, 7.454200884396715, 7.695652173913044[, 242.45158936946325, 241.94549997397326, 235.36844316093462, 234.29821531375936]
,[, 7.179710015505808, 238.5159369545326,2.856,3.781,5.808,6.545,8.61,10.141,11.412,12.248,13.757,15.582,16.809,17.87,19.272,21.147,22.46,23.553,25.506,26.659,27.757,29.765,30.798,32.466,32.687,34.115,35.553,36.76,38.234,39.55,40.962,42.393,43.795,45.261,46.588,48.068,49.468,50.88,52.182,53.691,55.025,56.548,57.951,59.389,60.71,62.05,63.504,64.879,66.344,67.833,69.064,70.493,71.947,73.322,74.687,76.128,77.472,78.882,80.332,81.78,83.074,84.521,85.885,87.318,88.704,90.08,91.547,92.999,94.374,95.812,97.287,98.627,99.916,101.404,102.871,104.101,105.576,107.052,108.399,109.778,111.143,112.552,114.059,115.427,116.782,118.146,119.583,120.969,122.303,123.739,125.165,126.537,127.86,129.273,130.793,132.094,133.475,134.947,136.464,137.757,139.213,140.575]
c14jmt, 1000, 60, 200, 6, 413549.23806583777, 0.7011400656226905, 7.9354372440375816, 8.042008344123147, 7.734461375763112, 7.59936711895287[, 316.84132300607075, 314.02143304130163, 313.3439095550693, 313.83857409713573]
,[, 7.827818520719178, 314.51130992489436,3.096,4.487,5.904,6.96,8.44,9.789,11.485,12.233,13.643,15.117,16.672,18.362,19.699,20.684,21.947,23.957,25.327,26.817,27.632,29.062,31.087,32.312,33.85,35.112,36.571,37.226,38.628,40.275,40.958,42.612,43.921,45.608,46.53,47.877,49.262,50.743,52.095,53.594,54.88,56.259,57.695,59.15,60.537,61.856,63.245,64.58,66.128,67.443,68.919,70.294,71.722,73.083,74.449,75.857,77.206,78.735,80.088,81.99,84.532,85.851,87.35,88.888,90.157,91.779,92.897,94.354,95.669,97.161,98.515,99.848,101.556,102.669,104.325,105.489,107.088,108.729,109.995,111.734,112.878,114.714,115.941,117.18,118.497,120.223,121.598,122.982,124.49,125.638,126.78,128.737,129.889,131.188,132.667,133.768,135.188,136.663,138.114,139.563,140.837,142.514]
c14jmt, 1000, 60, 250, 6, 407042.1655674229, 0.6901078382151675, 8.929503916449086, 8.297811878374537, 8.772262220538082, 8.660595712388542[, 406.3134904086739, 406.54111145542817, 399.4506749740395, 400.244158271887]
,[, 8.665043431937562, 403.13735877750713,2.555,4.231,5.579,6.603,8.558,9.602,10.706,12.607,13.983,15.463,16.861,17.842,19.604,20.836,22.376,23.622,25.234,26.434,27.975,29.352,30.554,32.13,33.43,34.681,36.105,37.187,38.834,40.549,41.902,43.161,44.32,45.385,46.85,48.775,49.562,50.929,52.171,53.366,54.913,56.297,57.633,58.943,60.312,61.88,63.106,64.613,66.022,67.453,68.902,70.285,71.6,73.082,74.287,75.894,77.221,78.503,79.955,81.36,82.761,84.121,85.61,86.883,88.357,89.724,91.175,92.607,93.951,95.294,96.623,98.12,99.386,100.895,102.369,103.747,104.989,106.417,107.858,109.237,110.565,112.011,113.451,114.859,116.307,117.657,119.006,120.392,121.821,123.285,124.646,125.987,127.973,132.432,133.648,135.933,137.197,139.904,140.469,142.611,143.6,145.36]
c14jmt, 1000, 60, 300, 6, 400825.3831210878, 0.6795677746600475, 8.163940625886356, 8.43535455374718, 7.911827447262384, 7.788944723618091[, 446.03767951819634, 455.07099412751677, 451.5239884690621, 475.43180299213407]
,[, 8.075016837628503, 457.0161162767273,2.713,4.006,5.308,6.649,8.242,9.361,11.066,12.356,14.102,15.299,16.797,17.934,19.64,20.898,22.422,23.84,27.292,29.112,31.706,33.497,35.36,36.707,38.093,39.194,40.827,41.839,43.161,44.552,46.159,47.533,48.967,50.379,52.031,53.33,55.067,56.348,57.874,59.511,60.911,62.22,64.147,66.149,67.676,68.367,69.216,71.671,73.302,74.128,75.848,77.39,78.608,79.086,81.188,82.1,83.627,85.811,87.237,87.505,90.013,90.646,92.702,94.309,94.454,96.144,98.283,99.525,101.239,102.446,102.786,105.294,106.521,107.297,108.919,111.575,113.217,114.655,115.959,117.24,117.947,120.298,121.282,122.906,124.463,125.931,126.533,127.877,130.066,131.686,132.446,134.071,135.464,137.054,137.717,140.09,141.143,142.332,143.491,145.312,146.698,148.187]
c14jmt, 1000, 60, 350, 6, 403515.48179341096, 0.6841286244598574, 6.86600740497727, 8.031211342658672, 6.838649155722326, 15.51875732708089[, 580.0368860708535, 572.1642524573202, 573.2133722686538, 574.2346921075456]
,[, 9.31365630760979, 574.9123007260932,2.631,3.753,5.475,6.834,8.188,9.696,10.826,12.386,13.561,15.27,16.407,18.087,19.216,20.684,22.313,23.859,25.227,26.632,28.012,29.866,30.964,32.36,33.95,35.435,36.879,38.355,39.371,41.053,42.102,43.619,45.252,46.653,47.562,49.148,50.476,51.795,53.564,54.699,56.027,57.629,59.276,60.182,61.634,63.051,64.515,65.966,67.168,68.47,70.177,71.285,72.785,74.196,75.571,76.932,78.304,79.642,81.626,82.945,83.875,85.751,86.868,88.315,89.473,90.774,92.19,94.361,96.173,97.579,99.212,100.792,102.57,104.066,105.701,107.501,108.963,110.634,112.203,113.877,115.289,116.885,118.693,119.622,121.311,122.274,123.733,125.23,126.664,127.826,129.504,131.036,132.238,133.663,134.976,136.523,137.852,139.279,140.72,142.16,143.405,145.283]
c14jmt, 1000, 60, 400, 6, 413569.90678161976, 0.7011751077976137, 6.76810073452256, 7.762578917160895, 6.627400277737873, 7.228554289142172[, 661.9612216708447, 660.825356494685, 663.8893276578286, 688.8277292811725]
,[, 7.096658554640875, 668.8759087761327,2.833,4.374,5.56,7.151,8.755,10.295,11.566,13.314,14.753,16.308,17.845,19.183,20.72,22.212,23.723,25.27,26.587,27.877,29.586,30.882,32.099,33.768,34.908,36.461,37.84,39.127,40.727,41.838,43.222,44.66,46.265,47.484,48.79,50.236,51.634,53.054,54.388,56.087,57.399,58.843,59.959,61.329,62.965,64.178,65.891,67.123,68.644,69.968,71.392,72.585,73.927,75.646,76.983,78.117,79.59,81.018,82.732,83.779,85.397,86.503,88.019,89.335,90.777,92.082,93.523,94.925,96.349,97.682,99.259,101.007,102.266,103.551,104.998,106.403,108.11,109.097,110.38,111.925,113.389,114.572,116.088,117.631,119.003,120.454,121.868,123.151,124.48,125.926,127.308,128.611,130.208,131.823,132.869,134.384,135.715,137.046,138.613,139.953,141.434,142.715]
c14jmt, 1000, 60, 450, 6, 365131.7761582241, 0.6190520836015897, 8.653079308817013, 9.735066791761605, 9.016831418648144, 35.052609861770165[, 755.2151622447494, 760.5286081963967, 749.5769588410903, 776.3553049555273]
,[, 15.614396845249232, 760.419008559441,2.677,3.887,5.394,6.721,8.111,9.516,11.015,12.32,13.859,15.345,16.727,17.836,19.267,20.67,22.078,23.496,24.835,26.294,27.713,29.325,30.471,31.921,33.516,34.601,36.15,37.422,38.792,40.175,41.719,43.001,44.39,46.046,47.445,48.652,50.184,51.376,52.722,54.31,55.641,57.131,58.411,59.796,61.249,62.604,63.959,65.509,66.748,68.253,69.767,71.167,72.263,73.717,75.03,76.389,77.846,79.418,80.723,82.247,83.579,84.897,86.367,88.019,89.718,91.435,92.978,94.676,96.257,98.014,99.567,101.252,102.847,104.499,106.424,107.633,111.05,114.253,117.195,119.446,120.92,122.814,124.43,126.404,127.812,129.585,131.056,132.594,134.08,135.609,137.739,138.975,140.832,142.41,144.002,145.577,147.041,148.651,150.246,152.053,153.579,155.277]
c14jmt, 1000, 60, 500, 6