c14jmt, 1000, 60, 50, 6, 217735.33424283765, 0.36915305962937695, 7.232807452834606, 7.441620557066492, 7.11324570273003, 6.7943112719232115[, 146.98344771901495, 146.77303814782917, 147.09203722854187, 147.06529357847631]
,[, 7.145496246138585, 146.9784541684656,4.769,7.652,10.993,15.031,18.016,21.412,24.266,26.312,28.748,31.253,33.867,36.241,38.727,41.412,43.874,46.441,48.808,51.369,53.819,56.309,58.925,61.291,63.776,66.371,68.69,71.312,73.716,76.339,78.803,81.442,83.94,86.471,88.957,91.481,93.971,96.44,99.073,101.58,104.0,106.331,108.971,111.637,114.086,116.663,119.168,121.724,124.349,126.843,129.402,131.934,134.478,137.067,140.437,143.147,145.972,148.531,151.132,153.937,156.797,159.457,162.013,164.622,167.723,170.285,173.272,176.411,178.789,181.623,184.27,186.909,189.624,192.479,195.405,198.186,200.814,203.489,206.403,209.191,211.92,214.977,217.798,220.293,222.886,225.553,228.429,231.543,234.406,236.977,239.632,242.594,245.223,247.952,250.679,253.517,256.003,258.849,261.914,264.273,267.097,269.734]
c14jmt, 1000, 60, 100, 6, 380233.30715858034, 0.6446555364966166, 7.315654239588889, 7.521458707143204, 7.3102651715674485, 7.010171434028939[, 156.07579244690868, 156.6604614577871, 154.7665109034268, 156.26734452832127]
,[, 7.289387388082121, 155.94252733411096,2.865,4.664,6.503,8.225,10.11,11.378,13.074,14.546,16.234,18.207,19.52,21.218,22.545,24.641,25.367,26.714,28.095,28.985,30.352,31.79,33.089,34.508,35.948,37.299,38.858,40.132,41.596,43.027,44.497,45.807,47.174,48.611,49.991,51.459,52.819,54.209,55.605,57.051,58.409,59.808,61.147,62.509,64.043,65.472,66.924,68.372,69.652,71.021,73.737,75.186,76.935,78.224,79.818,81.142,82.304,83.994,85.271,86.69,88.246,89.922,91.095,92.562,93.985,95.692,96.865,98.52,99.75,101.416,102.76,104.312,105.58,107.307,108.71,110.938,112.466,114.015,115.406,117.759,119.022,120.928,122.243,123.386,125.721,127.327,128.994,130.246,132.284,134.093,136.281,137.971,138.957,140.967,143.088,143.929,146.291,148.626,149.769,151.524,153.759,155.353]
c14jmt, 1000, 60, 150, 6, 408780.1058347456, 0.693054378653201, 7.81869417777141, 7.5231928875144956, 7.342758222735142, 7.429148823557716[, 228.9280829015544, 234.17278854694604, 226.32814365042296, 225.36472789646032]
,[, 7.528448527894691, 228.69843574884592,3.099,4.522,5.507,6.936,7.924,10.009,11.38,12.985,13.732,15.653,16.825,18.473,19.905,21.349,22.694,23.975,25.141,26.625,27.526,29.463,30.3,31.726,33.908,34.04,35.8,36.74,38.14,39.574,40.991,42.27,43.803,45.245,46.479,48.058,49.289,50.789,52.154,53.524,54.959,56.386,57.797,59.222,60.678,62.023,63.41,64.885,66.307,67.617,69.075,70.468,71.862,74.656,76.127,77.451,78.925,80.38,81.935,83.5,84.677,85.977,87.431,88.753,90.181,92.064,93.095,94.474,96.0,97.486,98.918,100.021,101.432,103.024,105.32,106.543,107.999,109.441,111.525,113.249,114.683,116.552,118.163,119.62,120.871,122.567,123.05,125.301,126.743,127.343,128.68,130.917,132.279,133.169,134.224,136.326,137.11,139.009,139.934,141.923,143.278,144.548]
c14jmt, 1000, 60, 200, 6, 402622.3360767428, 0.6826143664495558, 7.218929208230929, 7.50843373493976, 7.3670507690082445, 7.397983677388383[, 317.1737391575339, 320.6676740308462, 320.23322750221206, 316.44253201306446]
,[, 7.373099347391829, 318.62929317591414,2.598,4.023,5.758,6.578,8.171,9.752,11.257,12.15,13.553,15.073,16.78,18.136,19.484,20.715,22.811,24.738,25.879,27.558,29.048,30.182,31.702,33.251,33.983,35.968,37.514,38.215,39.915,41.054,42.168,43.575,45.331,46.363,47.706,49.035,50.382,51.898,53.087,54.553,56.384,57.571,58.913,60.136,62.621,64.491,66.116,67.675,69.616,71.73,73.375,74.703,76.17,77.815,79.042,80.519,82.101,83.326,84.475,86.439,87.499,89.084,90.353,91.505,93.262,94.41,95.755,97.149,98.54,99.951,101.525,102.712,104.203,105.753,106.987,108.573,109.766,111.287,113.375,114.896,116.21,118.002,119.238,120.378,121.837,123.271,124.763,126.37,128.593,129.877,131.1,132.588,134.199,135.344,136.989,138.317,139.642,140.807,142.127,143.99,144.896,146.753]
c14jmt, 1000, 60, 250, 6, 419712.5256673511, 0.7115894328941365, 7.0470286240131745, 7.251501646967642, 7.300082240820473, 7.210350341619422[, 407.16360983743226, 407.18901133336817, 399.6471140799499, 400.47010287743484]
,[, 7.202240713355177, 403.61745953204627,2.746,4.036,5.649,6.96,8.23,9.88,11.258,12.546,13.999,15.312,16.27,17.925,19.636,20.669,21.795,23.32,25.158,26.253,27.769,29.326,30.733,31.926,33.644,34.511,36.198,37.312,38.762,40.461,41.434,42.846,44.681,45.903,47.495,48.248,49.715,50.846,52.725,53.556,54.968,56.259,57.764,59.112,60.49,61.918,63.252,64.715,66.136,67.489,68.959,70.26,71.685,73.032,74.572,75.948,77.212,78.731,80.073,81.519,82.933,84.375,85.711,87.102,88.607,89.944,91.339,92.681,94.067,95.507,96.839,98.448,99.787,101.075,102.457,103.867,105.328,106.784,108.082,109.518,110.972,112.269,113.671,115.102,116.508,117.82,119.326,120.746,122.081,123.514,124.893,126.271,127.757,129.06,130.501,131.932,133.359,134.61,136.2,137.506,138.806,140.211]
c14jmt, 1000, 60, 300, 6, 409682.29116151464, 0.6945839626083623, 6.834462729912875, 6.8323884285506615, 6.95774103084808, 6.796210363495746[, 494.6726413133832, 492.97519113746296, 491.8786052070883, 492.23182242505965]
,[, 6.855200638201841, 492.9395650207485,2.82,3.801,5.241,6.706,8.447,9.303,11.007,12.641,13.961,15.481,16.415,17.71,19.532,21.277,23.418,24.287,25.655,27.243,28.828,29.816,31.559,33.007,34.06,35.4,36.779,38.715,39.884,41.605,43.882,44.856,46.44,47.814,49.351,50.287,52.035,53.558,55.063,56.315,57.348,58.769,60.058,61.392,63.189,64.185,65.722,67.082,68.594,70.268,71.261,72.886,74.071,75.667,77.238,78.603,79.894,81.455,82.388,84.142,85.421,86.55,87.993,89.378,90.736,92.405,93.799,94.932,96.387,97.936,99.43,101.528,103.194,104.482,105.73,107.156,108.366,110.109,111.385,112.523,113.859,115.583,116.887,118.393,119.453,120.956,122.301,123.797,125.385,127.63,128.776,130.472,131.613,132.991,134.364,136.074,137.105,138.671,140.081,141.193,142.65,144.298]
c14jmt, 1000, 60, 350, 6, 414001.63951655285, 0.7019070765458049, 6.88133456185442, 6.925127211049189, 7.005169331851781, 7.222596477721105[, 577.6344651598791, 576.9206497969385, 567.3717076211751, 563.3000881697008]
,[, 7.008556895619123, 571.3067276869234,3.607,4.964,6.248,7.58,9.206,10.641,11.723,13.275,14.617,15.899,17.516,19.119,20.539,21.566,23.226,24.252,25.737,27.323,28.517,30.264,31.641,33.063,34.415,35.835,37.186,38.203,39.651,41.405,42.69,44.168,45.43,46.75,48.205,49.631,50.85,52.075,53.42,54.819,56.429,57.889,59.127,60.522,62.146,63.223,64.868,66.395,67.291,69.12,70.512,71.665,73.176,74.623,76.18,77.44,78.671,80.128,81.717,82.692,84.546,85.724,87.313,88.688,90.14,91.13,92.852,93.972,95.348,96.685,98.109,99.569,100.899,102.602,103.722,105.134,106.812,107.971,109.285,110.775,112.56,113.703,115.002,116.36,118.001,119.371,120.808,122.355,123.697,124.711,126.182,127.441,129.153,130.669,131.984,133.26,134.708,135.824,137.642,139.083,141.318,142.667]
c14jmt, 1000, 60, 400, 6, 409815.19319198513, 0.6948092875026876, 7.150444186944767, 7.295184792048634, 7.325268817204302, 7.367353835755323[, 670.6590920908949, 669.4274487352972, 665.6519734797472, 668.9582008651691]
,[, 7.284562907988256, 668.6741787927771,2.717,3.939,5.286,6.968,8.049,9.528,10.858,12.173,13.711,15.221,16.611,17.702,19.31,20.749,22.28,23.318,24.791,26.418,27.587,29.094,30.577,32.013,33.445,34.522,36.214,37.399,38.841,40.175,41.441,42.878,44.303,45.736,47.081,48.522,50.127,51.493,53.006,54.21,55.753,57.222,58.329,59.634,61.053,62.448,64.12,65.497,67.474,69.373,70.843,72.095,73.432,74.969,76.21,77.652,79.042,80.657,82.263,83.497,84.857,86.096,87.656,89.237,90.639,91.908,93.398,94.6,95.979,97.45,98.627,100.203,101.609,102.917,104.42,105.675,107.163,108.693,109.854,111.236,112.692,114.329,115.837,117.604,119.323,120.632,122.122,123.664,124.845,126.114,127.609,128.993,130.631,131.929,133.159,134.807,136.246,137.842,139.788,141.252,142.742,144.121]
c14jmt, 1000, 60, 450, 6, 408966.1422732351, 0.6933697887390732, 8.019161676646707, 8.113814116405162, 7.806119998078493, 7.903071017274472[, 753.7258476121035, 755.5913315926892, 749.8025739891622, 748.8021153545563]
,[, 7.960541702101208, 751.9804671371279,2.462,3.944,5.43,6.668,8.165,9.634,11.149,12.301,13.73,15.199,16.48,18.037,19.397,20.757,22.084,23.488,24.913,26.314,27.724,29.079,30.779,33.525,35.357,36.867,38.312,39.707,40.96,42.455,43.88,45.026,46.512,47.931,49.49,50.725,52.019,53.718,54.962,56.568,57.755,59.159,60.517,61.965,63.509,64.753,66.084,67.592,69.033,70.543,72.02,73.751,75.103,76.7,78.308,79.875,81.128,82.535,83.982,85.359,86.916,88.13,89.692,90.928,92.355,94.046,95.199,96.589,97.94,99.437,100.679,102.143,103.582,104.929,106.253,107.777,109.288,110.513,111.844,113.334,114.765,116.278,117.524,118.771,120.542,121.866,123.09,124.794,126.196,127.356,128.608,130.18,131.708,133.009,134.184,135.677,137.18,138.765,140.043,141.211,142.922,144.055]
c14jmt, 1000, 60, 500, 6, 347673.92364541267, 0.5894536737152314, 17.947554668360404, 17.822873146320187, 17.706191455334704, 16.485959261443544[, 845.686774300564, 861.3740991116822, 853.3951138256524, 851.7004725949264]
,[, 17.490644632864708, 853.0391149582063,2.651,4.014,5.419,6.835,8.34,9.649,11.13,12.462,13.791,15.286,16.616,18.105,19.414,20.977,22.272,23.586,25.024,26.444,27.761,29.362,30.72,31.933,33.327,34.712,36.194,37.497,38.957,40.336,41.807,43.159,44.687,45.965,47.365,48.732,50.1,51.542,52.876,54.431,55.769,57.054,58.537,60.022,61.309,62.626,64.069,65.484,66.91,68.211,69.669,71.11,72.434,73.9,75.295,76.686,78.061,79.437,80.897,82.36,83.527,85.148,86.53,87.873,89.287,90.611,92.149,93.344,94.801,96.269,97.708,99.121,100.464,101.803,103.227,104.617,105.968,107.502,108.812,110.212,111.481,112.943,114.351,115.805,117.2,119.672,123.282,125.314,129.527,131.943,135.657,138.448,142.19,145.318,148.553,151.475,153.045,154.436,155.653,157.135,158.452,159.858]
