c14jmt, 1000, 100, 100, 6, 390483.32336568984, 0.662033629295671, 7.690055626036889, 6.441902468392535, 7.228857170599087, 6.989743839012299[, 170.39142615498466, 161.73007623007624, 169.049400805903, 168.6162529396394]
,[, 7.087639776010203, 167.44678903265083,3.418,4.661,6.164,8.534,10.293,11.678,13.443,15.42,17.177,18.839,20.222,22.261,23.836,24.476,26.747,27.146,28.388,29.827,31.214,32.739,34.253,35.643,37.037,38.498,39.929,41.552,42.936,44.435,45.872,47.364,48.904,50.259,51.743,53.158,54.577,55.996,57.421,59.02,60.522,62.009,63.435,64.714,66.332,67.729,69.235,70.804,72.207,73.665,75.169,76.7,78.102,79.533,80.903,82.329,83.944,85.259,86.843,88.23,89.776,91.218,92.678,94.086,95.545,97.007,98.511,100.026,101.441,102.908,104.419,106.017,107.492,108.799,110.345,111.685,113.136,114.635,116.073,117.447,119.03,120.558,122.038,123.515,124.963,126.38,127.963,129.398,130.761,132.281,133.688,135.109,136.673,138.182,139.653,141.086,142.556,143.949,146.188,148.434,149.936,152.147]
c14jmt, 1000, 100, 100, 6, 403236.32689321245, 0.6836553393778694, 7.3316324074519805, 7.369630800172389, 7.320099255583126, 7.036451597451741[, 162.21283116883117, 160.38311621174523, 161.70239934095355, 159.73232687551524]
,[, 7.264453515164809, 161.0076683992613,2.834,5.072,6.842,8.599,10.353,11.339,13.766,15.498,16.569,18.559,20.626,21.605,23.153,24.956,25.865,26.793,28.918,29.711,31.089,32.568,33.898,35.29,36.782,38.042,39.522,41.103,42.376,43.802,45.213,46.677,48.126,49.485,50.977,52.366,53.689,55.123,56.483,57.956,59.323,60.831,62.146,63.577,64.936,66.369,67.762,69.189,70.643,71.981,73.369,74.684,76.15,77.574,78.945,80.342,81.784,83.128,84.568,85.912,87.422,88.823,90.186,91.602,92.967,94.519,95.893,97.17,98.651,100.025,101.437,102.88,104.186,105.681,107.127,108.478,109.839,111.397,112.666,114.076,115.529,116.865,118.239,119.543,120.991,122.433,123.816,125.25,126.65,128.012,129.439,130.862,132.247,133.663,135.169,136.609,137.903,139.276,141.903,143.737,144.692,147.446]
c14jmt, 1000, 100, 100, 6, 401124.15448396245, 0.6800743179049386, 6.844765342960289, 8.901689336366717, 7.4674061101381595, 6.89059500959693[, 162.03306980829845, 161.28645058448458, 162.69302350034172, 162.3011234796949]
,[, 7.526113949765524, 162.0784168432049,3.278,5.189,6.161,8.749,9.643,12.084,13.884,14.741,17.016,19.064,20.9,22.199,23.491,24.919,26.776,27.211,28.923,29.867,31.351,32.769,34.163,35.604,37.004,38.475,39.803,41.202,42.686,44.119,45.532,46.967,48.378,49.763,51.18,52.72,54.008,55.439,56.856,58.208,59.706,61.109,62.533,63.87,65.37,66.714,68.038,69.55,70.935,72.439,73.846,75.282,76.568,77.973,79.536,80.899,82.262,83.766,85.165,86.465,87.878,89.298,90.697,92.102,93.602,94.886,96.39,97.739,99.171,100.586,101.975,103.358,104.864,106.182,107.651,108.903,110.463,111.881,113.236,114.646,116.142,117.476,118.864,120.375,121.708,123.004,124.556,125.848,127.326,128.747,130.071,131.481,132.922,134.335,135.846,137.286,138.604,140.886,142.333,145.376,145.637,146.644]
c14jmt, 1000, 100, 100, 6, 404755.4060811135, 0.6862308181442489, 7.185917530745117, 7.0874163190065005, 6.915762174622995, 7.697495183044316[, 162.71696544557028, 160.6842270140448, 160.6451346610257, 162.09247468948962]
,[, 7.221647801854733, 161.5347004525326,2.603,4.179,6.52,7.439,9.578,11.577,13.17,14.163,15.949,18.13,19.271,21.492,22.495,23.965,25.383,26.467,27.544,28.874,30.337,31.736,33.194,34.546,35.9,37.312,38.767,40.149,41.548,42.929,44.388,45.717,47.284,48.596,49.983,51.454,52.771,54.245,55.631,57.071,58.505,59.843,61.279,62.614,64.072,65.433,67.014,68.43,69.738,71.24,72.634,73.977,75.543,76.896,78.305,79.704,81.2,82.516,83.83,85.311,86.574,88.118,89.531,90.927,92.316,93.801,95.232,96.53,98.071,99.513,100.909,102.185,103.608,104.935,106.418,107.739,109.097,110.572,112.005,113.447,114.871,116.19,117.674,119.039,120.615,121.982,123.353,124.821,126.234,127.66,128.989,130.504,131.768,133.281,134.592,135.995,137.423,138.827,141.068,142.442,143.849,145.98]
c14jmt, 1000, 100, 100, 6, 403880.89971008117, 0.6847481616720941, 6.783773291925465, 7.163601161665054, 7.445925491919341, 7.2684246112238[, 161.33123373243103, 162.45130344108446, 160.53930154040938, 161.76355398156346]
,[, 7.165431139183415, 161.52134817387207,3.223,5.114,6.777,8.473,10.074,11.766,12.894,14.451,16.689,18.563,19.728,21.977,22.753,24.71,26.517,26.655,27.843,29.241,30.634,32.126,33.555,34.923,36.341,37.78,39.198,40.638,42.048,43.387,44.868,46.289,47.607,48.987,50.393,51.797,53.403,54.628,56.133,57.508,58.874,60.355,61.732,63.29,64.655,65.968,67.398,68.838,70.29,71.651,72.977,74.426,75.832,77.198,78.619,79.996,81.436,82.819,84.293,85.8,87.124,88.564,89.871,91.303,92.79,94.171,95.614,96.937,98.409,99.781,101.159,102.596,104.046,105.45,106.874,108.346,109.646,111.062,112.536,113.887,115.328,116.827,118.268,119.537,120.911,122.322,123.726,125.168,126.556,127.862,129.321,130.743,132.132,133.483,134.986,136.342,137.749,139.108,141.398,142.738,144.187,145.545]
c14jmt, 1000, 100, 100, 6, 406070.17784797086, 0.6884599098171165, 6.709683679410053, 6.934658816716534, 7.030115231916335, 6.759501015375689[, 161.00988090904363, 160.87212859735547, 161.48182480991562, 160.60801700891932]
,[, 6.858489685854654, 160.9929628313085,3.062,5.043,6.013,8.098,9.822,11.257,13.499,15.181,16.549,18.028,19.95,21.068,23.169,24.019,25.437,26.639,27.829,28.956,30.506,31.939,33.256,34.786,36.062,37.469,38.83,40.233,41.646,43.141,44.528,45.962,47.353,48.708,50.108,51.534,52.968,54.324,55.783,57.168,58.548,59.894,61.323,62.805,64.245,65.578,67.033,68.386,69.857,71.23,72.613,73.95,75.497,76.771,78.261,79.555,81.046,82.291,83.774,85.208,86.738,88.012,89.332,90.747,92.243,93.594,95.1,96.411,97.898,99.295,100.718,102.106,103.498,104.796,106.176,107.575,108.959,110.446,111.783,113.193,114.597,116.015,117.37,118.761,120.175,121.615,122.928,124.417,125.845,127.135,128.611,129.986,131.365,132.783,134.224,135.623,137.001,138.53,140.717,142.809,143.483,145.617]
c14jmt, 1000, 100, 100, 6, 403802.43700299313, 0.6846151343502352, 7.579921886301172, 8.750902527075812, 7.050912584053795, 7.393892836566161[, 161.9313403245161, 161.9718837368782, 159.95917734601076, 161.35016590626296]
,[, 7.693907458499234, 161.303141828417,3.084,4.883,6.053,8.147,9.463,11.465,12.994,14.782,16.255,18.124,19.768,21.041,22.483,23.876,25.18,26.568,27.514,28.812,30.127,31.589,33.087,34.374,35.839,37.311,38.622,40.118,41.616,42.983,44.381,45.828,47.328,48.517,50.115,51.399,52.791,54.199,55.611,57.121,58.476,59.911,61.361,62.723,64.099,65.506,66.957,68.343,69.718,71.156,72.491,73.984,75.45,76.81,78.252,79.63,81.029,82.468,83.842,85.32,86.701,88.135,89.554,90.952,92.385,93.875,95.367,96.607,97.996,99.446,100.876,102.405,103.694,105.096,106.565,107.934,109.27,110.739,112.156,113.558,115.138,116.432,117.831,119.244,120.591,122.213,123.536,124.899,126.316,127.737,129.128,130.497,131.954,133.448,134.699,136.227,137.52,139.731,141.155,143.175,144.321,145.987]
c14jmt, 1000, 100, 100, 6, 403252.0360904319, 0.6836819730808376, 7.081023246765879, 7.423707501088166, 7.01549254603917, 7.329792370835345[, 162.35873547576676, 162.62955803991224, 161.43319710782774, 158.83378491037934]
,[, 7.21250391618214, 161.31381888347153,2.624,4.903,6.62,8.297,10.008,11.796,13.493,15.067,16.962,18.654,20.574,21.833,23.526,25.188,25.549,27.181,28.806,29.4,30.809,32.236,33.616,35.028,36.403,37.943,39.221,40.56,41.945,43.487,44.863,46.306,47.759,49.194,50.557,51.928,53.302,54.782,56.159,57.648,58.971,60.274,61.783,63.214,64.695,65.927,67.371,68.898,70.328,71.63,73.078,74.464,75.825,77.31,78.743,80.058,81.585,82.886,84.391,85.805,87.176,88.59,89.887,91.462,92.84,94.209,95.603,97.101,98.388,99.81,101.287,102.717,104.199,105.455,106.969,108.392,109.747,111.033,112.529,113.929,115.356,116.712,118.158,119.505,120.992,122.436,123.778,125.197,126.664,128.036,129.527,130.816,132.227,133.651,135.116,136.442,137.947,140.113,141.578,142.967,144.432,145.731]
c14jmt, 1000, 100, 100, 6, 404222.407546654, 0.6853271612322557, 7.036165409922675, 6.996282168895755, 8.092235112886922, 7.256203115983843[, 161.72416821657367, 160.76700238812168, 161.1781898177247, 162.0145175506818]
,[, 7.345221451922299, 161.42096949327546,3.284,4.332,6.217,8.46,10.159,11.217,13.204,15.116,16.693,18.018,19.661,21.586,22.973,23.798,25.402,26.226,27.755,29.164,30.554,31.936,33.422,34.706,36.238,37.647,39.014,40.494,41.863,43.271,44.678,46.123,47.502,48.932,50.29,51.693,53.173,54.539,55.955,57.402,58.844,60.215,61.589,63.047,64.417,65.884,67.269,68.726,70.044,71.498,72.913,74.344,75.628,77.178,78.512,79.985,81.334,82.735,84.184,85.645,86.97,88.348,89.789,91.152,92.65,94.037,95.475,96.799,98.251,99.668,100.99,102.365,103.806,105.233,106.617,108.075,109.504,110.817,112.313,113.522,115.02,116.44,117.848,119.259,120.607,122.022,123.445,124.801,126.169,127.55,129.068,130.467,131.867,133.294,134.742,136.086,137.578,139.7,141.979,142.553,145.352,146.277]
c14jmt, 1000, 100, 100, 6, 405874.6900314102, 0.6881284756663177, 7.4495928654517245, 6.979455048812473, 6.934518060652888, 7.033935227767826[, 158.41811992668238, 159.56469298245614, 162.3760377750104, 159.1777233909602]
,[, 7.099375300671229, 159.88414351877728,2.486,3.981,5.919,7.944,9.86,11.229,13.081,14.834,15.833,18.408,20.054,20.993,22.879,23.899,25.472,26.857,27.632,28.945,30.414,31.768,33.275,34.671,36.025,37.349,38.905,40.201,41.74,43.056,44.443,45.841,47.369,48.646,50.05,51.398,52.928,54.337,55.657,57.076,58.467,60.063,61.349,62.739,64.104,65.542,67.019,68.323,69.843,71.068,72.537,73.838,75.313,76.775,78.111,79.631,81.041,82.443,83.895,85.265,86.596,88.025,89.401,90.763,92.159,93.704,94.92,96.38,97.735,99.126,100.6,101.908,103.32,104.823,106.204,107.613,108.978,110.364,111.809,113.203,114.643,116.065,117.434,118.802,120.27,121.614,122.984,124.509,125.816,127.278,128.673,130.024,131.458,132.875,134.201,135.595,137.011,138.397,140.693,142.032,143.609,145.164]
