jwestin, 1000, 100, 100, 6, 431847.1650162125, 0.7321627553578907, 2.0371637626993735, 2.0231623729614747, 2.066094197241738, 1.8134445023449715[, 175.48941429339064, 157.55705118927003, 173.1573493463705, 174.02006156458975]
,[, 1.9849662088118893, 170.05596909840523,2.153,3.472,5.022,6.483,7.697,9.218,10.546,11.923,13.301,14.496,16.087,17.308,18.577,20.084,20.749,22.164,23.538,24.789,26.135,27.465,28.785,30.056,31.514,32.897,34.173,35.566,36.838,38.175,39.489,40.851,42.401,43.762,45.143,46.321,47.886,49.055,50.574,51.777,53.367,54.566,56.054,57.363,58.708,60.039,61.461,62.803,64.363,65.522,67.041,68.27,69.669,71.048,72.381,73.818,75.1,76.537,77.953,79.188,80.66,81.958,83.317,84.609,86.172,87.475,88.741,90.249,91.563,92.832,94.261,95.576,97.072,98.404,99.766,101.109,102.277,103.639,105.036,106.388,107.709,109.001,110.323,111.63,112.993,114.229,115.62,116.937,118.177,119.619,121.157,122.479,123.685,125.164,126.414,127.66,129.026,130.481,132.829,134.015,135.821,136.919]
jwestin, 1000, 100, 100, 6, 439486.9291198793, 0.7451153719073474, 2.0175892395240558, 2.0607272035027604, 2.090809798720549, 1.9995877138734284[, 170.22534318901796, 155.79274989066525, 170.28069057104915, 169.37521034917964]
,[, 2.0421784889051984, 166.418498499978,2.316,3.664,4.9,6.222,7.734,9.851,10.468,11.801,13.127,14.555,15.79,17.217,18.572,19.429,20.619,21.967,23.22,24.721,25.993,27.244,28.557,30.066,31.407,32.852,34.061,35.323,36.746,38.174,39.468,40.706,42.072,43.372,44.945,46.337,47.661,49.033,50.271,51.695,52.949,54.263,55.768,57.071,58.449,59.858,61.233,62.57,63.854,65.292,66.736,68.154,69.4,70.758,72.059,73.339,74.747,76.059,77.605,79.006,80.204,81.576,82.933,84.113,85.407,86.728,88.0,89.493,90.613,91.981,93.218,94.679,95.841,97.143,98.474,99.763,101.033,102.317,103.674,104.993,106.252,107.459,108.832,109.981,111.36,112.494,113.818,115.031,116.303,117.642,119.084,120.312,121.61,122.982,124.214,125.578,126.947,128.313,130.286,132.709,133.975,135.174]
jwestin, 1000, 100, 100, 6, 446497.71620436193, 0.7570016076055941, 2.0814013395157134, 1.9733935496539197, 1.9928382375836835, 2.0497502188803627[, 165.06282226665263, 157.5547598778106, 166.33031506486628, 165.39944266260056]
,[, 2.0243458364084197, 163.5868349679825,2.403,4.348,4.935,6.34,7.534,9.73,9.843,11.459,12.766,14.006,15.206,16.841,18.078,19.37,20.62,21.539,22.568,23.962,25.297,26.528,27.839,29.112,30.615,31.825,33.158,34.456,35.833,37.178,38.4,39.847,41.095,42.452,43.775,44.979,46.417,47.593,49.071,50.262,51.522,52.78,54.191,55.535,56.735,58.112,59.388,60.828,62.069,63.334,64.711,65.893,67.265,68.747,69.833,71.163,72.409,73.72,75.148,76.343,77.765,79.086,80.301,81.571,83.096,84.351,85.706,86.975,88.183,89.654,90.786,92.207,93.577,94.847,96.03,97.34,98.704,100.042,101.342,102.67,103.864,105.335,106.583,107.87,109.075,110.471,111.676,112.988,114.26,115.655,117.115,118.297,119.636,120.94,122.169,123.418,124.874,126.26,128.391,129.695,131.82,132.224]
jwestin, 1000, 100, 100, 6, 444289.1122604016, 0.7532570940829834, 1.9334601738057284, 2.0754350150675607, 1.7772511848341233, 1.8232529311502506[, 167.46143359026794, 157.88410185139227, 167.4499396863691, 167.8929398148148]
,[, 1.9023498262144156, 165.17210373571103,2.258,3.666,5.069,6.21,7.695,9.14,10.451,11.609,12.919,14.069,15.529,16.774,17.815,19.2,20.238,21.49,22.812,24.152,25.518,26.836,28.267,29.527,30.973,32.194,33.518,34.851,36.301,37.521,38.858,40.185,41.395,42.723,44.039,45.388,46.928,48.175,49.362,50.773,51.934,53.283,54.707,56.08,57.404,58.616,59.913,61.267,62.548,63.972,65.08,66.633,67.9,69.081,70.528,71.926,72.96,74.301,75.677,76.989,78.346,79.649,81.025,82.26,83.491,84.898,86.211,87.399,88.94,90.16,91.303,92.741,93.98,95.382,96.745,97.941,99.231,100.517,102.018,103.324,104.596,105.714,107.131,108.424,109.772,110.987,112.473,113.952,115.051,116.377,117.571,119.081,120.264,121.693,122.809,124.219,125.554,126.918,129.182,130.17,132.129,133.598]
jwestin, 1000, 100, 100, 6, 441550.498823002, 0.7486139913313157, 2.0173356722732434, 2.1621884262183566, 2.055184552466739, 2.3875968992248064[, 167.4770154283608, 157.76395510528405, 169.12235729386893, 167.4791401948327]
,[, 2.1555763875457865, 165.4606170055866,1.909,3.708,4.796,6.183,7.618,8.905,10.166,11.196,12.682,14.356,15.642,16.952,18.21,19.569,20.749,22.217,22.949,24.379,25.725,26.869,28.315,29.683,31.022,32.257,33.512,34.823,36.169,37.555,38.79,40.043,41.391,42.593,44.09,45.234,46.622,48.008,49.276,50.622,51.834,53.341,54.783,55.932,57.18,58.576,60.103,61.374,62.566,63.948,65.265,66.501,68.001,69.113,70.622,71.936,73.197,74.426,75.733,77.057,78.401,79.803,81.097,82.474,83.739,85.077,86.453,87.753,88.983,90.384,91.686,92.919,94.243,95.593,97.06,98.298,99.589,100.959,102.281,103.566,104.871,106.257,107.409,108.777,110.143,111.606,112.981,114.393,115.781,117.021,118.266,119.783,120.911,122.215,123.717,125.028,126.355,127.664,129.863,131.093,133.255,133.802]
jwestin, 1000, 100, 100, 6, 442666.2297718962, 0.750505625020169, 1.9546157813305827, 2.3128598848368522, 2.094186826223758, 2.1020712340031866[, 168.170217242649, 156.04327537086158, 167.94046678257206, 167.1617492650147]
,[, 2.115933431598595, 164.8289271652743,2.377,3.613,5.005,6.189,7.726,9.033,10.23,11.731,12.784,14.318,15.64,16.941,18.296,19.554,20.666,21.432,22.945,24.32,25.525,26.949,28.167,29.367,30.826,32.132,33.496,34.732,36.184,37.594,38.745,40.16,41.521,42.779,44.173,45.48,46.792,48.203,49.44,50.827,52.139,53.453,54.663,56.031,57.322,58.725,60.082,61.229,62.618,63.926,65.261,66.509,67.747,69.164,70.59,71.914,73.174,74.576,75.855,77.208,78.468,79.879,81.258,82.386,83.832,85.144,86.382,87.779,89.024,90.433,91.697,93.217,94.466,95.664,96.916,98.326,99.581,100.908,102.21,103.622,104.841,106.218,107.422,108.963,110.085,111.588,112.845,114.197,115.462,116.637,118.175,119.493,120.685,122.099,123.525,124.824,126.004,127.44,130.29,130.642,132.553,134.268]
jwestin, 1000, 100, 100, 6