jwestin, 1000, 100, 100, 6, 375308.89694576786, 0.6363065879750025, 1.9800664451827241, 1.952313022213165, 4.23150714133447, 1.9508509976447586[, 168.64059110629069, 154.77581476554707, 390.72776850306064, 169.22974075416968]
,[, 2.5286844015937793, 220.84347878226703,2.346,3.992,6.029,7.127,9.281,10.63,11.94,14.004,15.075,16.638,18.078,19.114,21.288,22.617,24.885,25.337,27.61,29.677,29.885,32.626,32.968,35.916,36.558,38.67,39.892,42.14,42.902,43.856,46.846,47.764,50.014,50.276,53.016,53.823,55.016,57.062,58.333,60.635,61.783,63.825,64.362,66.846,68.149,69.891,70.807,73.176,74.104,76.308,77.222,78.366,81.027,81.721,84.21,84.834,87.266,88.116,89.256,91.378,92.414,94.656,96.125,97.879,98.743,101.757,102.019,104.61,105.391,106.604,108.545,109.462,112.0,113.299,114.995,116.024,118.717,118.999,120.981,122.37,125.095,125.943,128.874,129.316,131.504,132.832,135.309,136.037,139.035,139.921,140.572,143.326,143.681,146.527,146.764,148.483,149.979,152.819,153.434,155.773,156.722,158.03]
jwestin, 1000, 100, 100, 6, 382721.4866434379, 0.6488740482642922, 1.9342359767891684, 1.9160279906697768, 4.10084736897165, 1.9600052973116142[, 161.46942800788955, 153.33047392559877, 375.3192974800916, 162.7673915980008]
,[, 2.477779158435552, 213.2216477528952,2.892,5.019,5.774,7.272,8.934,10.381,12.052,14.27,15.434,16.809,19.089,19.766,22.038,23.617,24.169,26.934,27.886,29.569,31.178,32.356,34.554,35.729,36.523,39.004,39.589,42.012,43.34,45.332,46.726,47.259,49.825,51.055,53.328,53.625,55.917,57.016,59.348,59.974,62.381,63.226,65.845,66.51,67.288,69.81,70.384,73.05,74.28,76.299,76.523,79.327,79.579,82.458,83.064,84.134,87.02,87.625,88.633,91.276,91.714,94.581,95.235,96.102,99.008,99.647,101.966,103.715,105.156,106.165,107.951,109.169,111.134,112.306,113.673,115.547,116.859,118.656,119.853,121.817,123.153,125.268,125.845,129.038,129.424,131.958,132.618,134.834,136.01,136.941,139.471,139.572,142.221,142.687,144.38,146.812,147.167,148.755,150.548,152.93,153.547,154.961]
jwestin, 1000, 100, 100, 6, 318576.31477433455, 0.5401209763833527, 2.25693819516936, 1.9623478833685815, 4.154476301930954, 2.183608994610667[, 161.17338145392944, 154.24748028433, 358.5727367870225, 420.2612330198537]
,[, 2.639342843769891, 273.5637078862839,2.573,4.84,6.314,8.443,10.025,12.105,13.373,15.886,17.152,19.387,21.317,22.844,25.041,25.942,28.592,30.765,32.127,34.719,35.883,38.105,39.411,42.092,43.269,45.685,47.325,49.481,50.552,53.384,53.983,56.731,58.265,60.418,61.352,63.859,65.0,67.642,69.105,71.093,72.486,74.842,76.113,78.881,80.233,82.546,83.682,86.424,87.551,89.107,92.135,93.285,95.776,96.709,98.097,100.361,102.872,104.401,105.786,108.068,109.672,111.528,113.83,115.111,117.646,119.167,121.277,122.471,124.49,127.065,128.276,130.637,131.961,134.613,135.414,138.049,138.912,141.383,143.014,145.099,147.046,149.09,150.502,152.289,154.033,156.251,158.389,159.891,162.558,163.837,166.044,166.825,169.402,171.12,172.916,175.824,176.787,179.342,180.51,183.04,184.086,186.634]
jwestin, 1000, 100, 100, 6, 334786.4408308713, 0.5676039646248224, 1.895807055765776, 2.053545374963525, 3.7173056252239345, 2.1051164087550536[, 163.42646199400008, 154.7414069191524, 369.8228672434645, 297.2437339789234]
,[, 2.442943616177072, 246.3086175338851,3.202,4.729,6.706,8.455,10.341,12.779,14.111,16.333,17.89,19.75,22.057,23.378,25.665,27.391,29.363,31.074,33.105,34.507,37.016,38.448,40.449,41.801,44.431,45.144,48.142,49.438,51.896,52.675,55.409,56.689,59.018,59.666,62.805,63.92,65.864,67.815,69.828,72.14,73.138,75.691,76.617,78.057,80.093,83.095,83.507,86.576,87.161,89.34,90.862,93.489,95.195,97.022,98.657,100.65,101.739,104.113,106.918,107.781,110.577,111.561,114.271,115.195,117.627,118.824,121.778,122.954,125.245,126.27,128.73,130.088,132.731,133.46,135.794,136.462,138.808,139.585,142.124,143.104,145.388,146.402,148.891,149.791,150.872,153.378,154.106,156.72,157.396,159.789,160.449,163.184,163.589,166.234,166.927,169.426,170.145,171.248,173.748,174.797,176.671,177.341]
jwestin, 1000, 100, 100, 6, 412710.4048849876, 0.6997178902265552, 2.16392821629812, 2.0547326589595376, 3.4325861492137837, 1.9968695157235687[, 165.89821895266672, 157.88067684079488, 211.33737527716187, 166.32823540799535]
,[, 2.4120291350487526, 175.36112661965473,2.716,4.134,6.247,7.196,9.157,10.398,12.768,13.552,15.108,17.038,17.866,20.263,20.762,22.848,24.431,24.971,27.587,28.127,31.137,31.818,33.541,35.635,36.078,38.556,39.518,40.361,43.124,43.663,44.821,47.477,48.188,50.879,51.937,54.053,54.894,57.228,58.212,58.615,61.178,62.34,64.699,65.768,67.793,68.787,69.624,72.616,72.616,74.032,75.636,76.862,77.481,78.939,80.428,81.368,83.073,84.711,85.374,87.504,88.819,89.175,91.08,92.469,93.162,95.548,96.354,98.176,99.312,100.303,101.814,103.087,104.624,106.135,106.686,108.867,109.867,111.127,113.279,113.983,115.263,116.606,117.933,119.443,120.249,121.704,123.008,124.431,125.989,127.325,128.637,129.718,132.055,132.089,133.578,134.894,136.587,138.297,139.008,141.312,142.66,144.098]
jwestin, 1000, 100, 100, 6, 443396.73839795135, 0.7517441446905372, 2.2222222222222223, 2.1327129077601668, 1.8886525190681263, 1.9666392092257001[, 167.07556422695635, 156.58001089594373, 168.28769369083506, 167.64352483982776]
,[, 2.0525567145690538, 164.8966984133907,2.307,3.778,5.4,6.296,7.564,9.785,10.278,11.691,13.061,14.471,15.768,17.209,18.405,19.813,20.39,22.326,23.042,24.438,25.64,26.965,28.346,29.592,30.858,32.289,33.467,34.765,36.098,37.364,38.831,40.045,41.319,42.593,43.979,45.189,46.65,47.991,49.349,50.481,51.976,53.309,54.455,55.761,57.242,58.411,59.843,61.002,62.3,63.77,65.011,66.213,67.655,68.999,70.223,71.554,72.78,74.145,75.523,76.753,78.167,79.486,80.789,82.124,83.362,84.93,85.939,87.401,88.823,89.963,91.255,92.559,93.852,95.161,96.445,97.802,99.222,100.612,102.026,103.384,104.632,105.953,107.275,108.548,109.941,111.239,112.515,113.984,115.321,116.436,117.829,119.193,120.609,121.906,123.321,124.57,125.739,127.094,129.17,130.649,131.987,133.538]
jwestin, 1000, 100, 100, 6, 444856.8201328333, 0.7542195979357119, 2.3059066288367296, 1.9525734040999172, 2.210144927536232, 2.2434244455905104[, 166.08517266870842, 156.79976162097736, 166.31228497327052, 165.85903455552625]
,[, 2.1780123515158474, 163.76406345462064,2.157,3.296,4.82,5.885,8.142,8.851,10.655,11.605,13.244,14.243,15.368,16.865,18.447,19.426,20.037,21.443,22.685,24.206,25.426,26.825,28.057,29.458,30.725,32.058,33.289,34.604,35.856,37.169,38.442,39.795,41.091,42.584,43.867,45.166,46.382,47.871,48.968,50.38,51.644,53.075,54.292,55.614,56.993,58.111,59.593,60.902,62.166,63.489,64.716,66.149,67.485,68.743,70.172,71.473,72.717,74.157,75.54,76.735,78.159,79.528,80.644,82.136,83.379,84.672,86.025,87.354,88.61,89.983,91.383,92.602,94.088,95.107,96.557,97.74,99.039,100.399,101.639,102.929,104.432,105.675,106.951,108.171,109.613,110.738,112.075,113.504,114.847,116.05,117.415,118.637,119.966,121.2,122.812,124.065,125.3,126.597,128.763,131.759,131.759,132.784]
jwestin, 1000, 100, 100, 6, 449777.7777777777, 0.7625626929012345, 2.080650975948911, 1.898702963949302, 2.2043675319324265, 2.2209655030589683[, 163.79145847577973, 157.0760104564649, 163.59453338950917, 164.10957463589043]
,[, 2.101171743722402, 162.14289423941105,2.317,3.317,4.949,6.789,8.076,8.861,10.234,11.536,12.739,14.247,15.325,16.606,17.961,19.267,19.847,21.339,22.654,24.0,25.313,26.647,27.969,29.27,30.501,32.038,33.183,34.563,35.895,37.112,38.35,39.663,40.999,42.28,43.738,45.002,46.28,47.484,48.787,50.183,51.476,52.722,54.216,55.513,56.889,58.098,59.489,60.764,62.114,63.339,64.746,66.032,67.312,68.608,70.073,71.191,72.54,73.906,75.196,76.412,77.707,78.984,80.27,81.633,82.985,84.305,85.437,86.75,88.108,89.499,90.699,91.929,93.366,94.628,95.917,97.188,98.488,99.79,100.978,102.315,103.624,104.991,106.198,107.584,108.855,109.987,111.273,112.692,113.976,115.132,116.513,117.79,119.031,120.191,121.655,122.787,124.102,125.456,127.538,128.89,130.685,131.315]
jwestin, 1000, 100, 100, 6, 430353.3179252733, 0.7296300556187496, 2.03624622435163, 2.023053399200188, 2.0009379396592153, 2.077720207253886[, 171.19477965020468, 154.63563025210084, 171.71627585473493, 171.40123816074924]
,[, 2.0344894426162297, 167.23698097944742,2.633,3.594,4.776,6.17,8.197,8.947,10.118,11.853,12.866,15.15,15.575,17.161,18.498,19.508,21.201,21.99,23.275,24.609,25.996,27.367,28.74,30.152,31.437,32.808,34.198,35.591,36.911,38.113,39.523,40.877,42.221,43.803,45.012,46.306,47.656,49.087,50.388,51.717,53.134,54.674,55.949,57.501,58.68,60.14,61.392,62.814,64.136,65.397,66.875,68.248,69.647,71.039,72.383,73.847,75.186,76.532,77.853,79.484,80.668,82.197,83.573,85.0,86.271,87.752,89.049,90.432,91.634,93.071,94.505,95.663,97.3,98.612,99.982,101.378,102.528,104.646,106.144,107.46,108.698,110.626,112.799,113.356,115.329,116.324,117.401,118.978,120.312,121.71,122.714,124.417,125.684,126.972,129.358,129.84,131.272,133.006,133.96,136.131,136.547,138.008]
jwestin, 1000, 100, 100, 6, 430868.0182043856, 0.7305026892842367, 2.3575331772053083, 1.7663683466792275, 2.105865224625624, 2.0476041991476976[, 174.15371495576164, 157.4853512347159, 174.20815849577735, 174.26856960950764]
,[, 2.0693427369144644, 170.02894857394062,2.215,3.558,5.139,6.415,8.061,9.072,10.384,11.956,13.179,14.419,15.895,18.077,18.541,19.87,20.597,22.103,23.284,24.626,26.043,27.515,28.88,30.274,31.768,33.122,34.372,35.792,37.056,38.43,39.935,41.319,42.557,43.944,45.283,46.56,47.92,49.386,50.559,51.984,53.296,54.538,55.929,57.152,58.723,60.055,61.422,62.696,63.998,65.299,66.611,68.049,69.453,70.706,72.178,73.519,74.757,76.159,77.559,78.799,80.232,81.613,82.99,84.372,85.636,86.912,88.392,89.673,91.082,92.426,93.735,95.114,96.62,97.822,99.347,100.555,102.04,103.272,104.756,106.211,107.49,108.817,110.353,111.602,113.172,114.597,115.855,117.206,118.754,120.043,121.339,122.633,124.205,125.4,126.898,128.21,129.452,130.928,133.056,135.103,135.609,137.755]
