jwestin, 1000, 100, 100, 6, 381984.9519620326, 0.6476253118930946, 1.8208335174791177, 1.999000499750125, 4.037040890646135, 1.8426709954810687[, 163.3956335809138, 152.37310895801463, 373.4745744334815, 161.62789970053188]
,[, 2.4248864758391115, 212.71780416823546,2.801,3.842,6.113,7.333,9.436,10.347,12.585,13.41,15.06,17.075,17.935,19.844,20.798,23.407,24.457,25.212,27.563,28.918,31.216,31.853,33.819,35.136,37.225,38.284,39.031,41.497,42.61,44.462,45.39,47.697,48.686,50.165,52.053,52.75,55.577,56.101,58.988,59.868,62.333,63.374,63.975,66.652,66.867,69.7,70.479,72.886,73.638,74.984,76.9,78.14,80.312,81.368,83.691,84.225,86.686,87.609,88.632,91.25,91.847,94.338,95.064,96.764,99.036,99.627,102.158,102.456,105.228,105.584,108.468,108.585,110.25,112.591,113.524,115.884,116.412,118.361,119.876,121.087,123.094,123.851,126.635,126.889,128.277,130.344,131.392,133.58,135.117,137.287,138.023,140.441,140.728,142.928,144.011,146.427,146.929,149.56,150.613,151.965,153.921,155.487]
jwestin, 1000, 100, 100, 6, 379600.41289726936, 0.6435825142708153, 1.964576099854964, 2.0093575068928065, 3.996999571367338, 1.7653258387493413[, 162.93817806868108, 153.97425075670375, 389.68612568367007, 163.5952168082253]
,[, 2.4340647542161125, 217.54844282932004,1.944,4.908,5.829,8.135,8.886,10.435,12.723,14.233,15.19,16.505,18.736,19.091,21.874,22.427,24.813,26.25,26.655,29.585,30.474,32.704,33.723,34.835,37.284,38.279,38.759,41.128,43.486,44.51,45.336,47.501,48.986,51.189,51.824,54.465,54.539,56.189,57.365,60.679,61.565,61.963,64.687,65.484,67.429,68.318,70.839,71.723,73.002,75.478,76.332,78.857,79.15,81.468,82.432,85.076,85.7,88.374,89.368,90.312,92.605,93.572,95.889,96.449,98.644,99.77,100.964,103.337,104.118,105.586,107.853,108.937,111.013,111.791,114.337,115.307,116.46,117.988,120.491,121.392,122.553,124.852,125.082,127.533,128.449,131.089,131.806,134.166,135.18,136.164,138.596,139.126,141.578,142.099,145.304,145.524,148.551,149.483,150.706,152.68,154.591,155.958]
jwestin, 1000, 100, 100, 6, 384663.8503633031, 0.6521671725180784, 2.0898411720709227, 2.044827297817178, 4.745515227367543, 2.0726072607260724[, 160.10047631886403, 152.5903521878335, 368.96364830833244, 160.16698121685988]
,[, 2.738197739495429, 210.45536450797246,3.263,4.087,5.624,7.292,8.457,10.579,11.594,13.735,14.694,16.162,18.047,19.009,21.398,22.515,24.814,25.133,27.787,28.794,30.97,31.983,32.639,35.547,36.419,38.492,39.164,40.324,42.875,43.395,45.917,46.37,49.278,49.509,52.219,53.278,55.28,56.091,57.085,59.751,60.287,62.839,63.464,65.762,67.057,68.822,70.491,72.733,72.919,75.751,75.955,78.822,79.4,80.88,82.904,84.216,86.475,87.252,89.389,89.989,91.369,93.223,94.316,96.964,97.622,99.36,101.639,102.197,103.295,105.598,107.873,108.366,109.77,111.717,112.808,114.6,116.294,118.553,119.116,121.701,122.457,124.952,125.913,126.626,129.182,129.745,132.297,132.666,134.518,136.263,137.206,138.937,141.463,142.465,143.141,145.741,146.712,148.86,149.765,152.021,152.732,153.851]
jwestin, 1000, 100, 100, 6, 379652.59069498396, 0.6436709776051567, 2.0826056584002792, 2.093244529019981, 4.268103180358438, 2.0608653888136925[, 162.25139340972933, 153.99028182701653, 375.1280164484363, 162.76652846507065]
,[, 2.6262046891480977, 213.53405503756323,2.43,4.832,5.539,7.518,9.195,10.915,12.006,13.59,15.711,16.58,18.841,19.725,21.616,22.656,23.312,25.98,27.066,29.464,29.965,32.297,33.581,34.89,37.067,37.334,40.359,40.787,41.897,44.121,46.455,47.031,48.101,50.578,51.856,54.021,54.609,56.832,57.695,58.898,61.674,63.718,64.834,65.434,68.039,68.967,71.309,71.686,74.906,74.906,77.939,78.158,80.755,81.89,83.946,85.057,86.064,87.871,89.607,92.18,92.792,93.588,96.584,96.749,98.967,99.91,102.61,102.952,104.364,106.703,107.958,110.243,111.021,113.178,113.806,115.307,116.602,118.004,120.754,121.584,123.398,123.97,125.048,128.286,128.635,129.864,132.186,133.168,135.733,136.249,139.022,139.205,140.819,143.591,143.764,146.74,147.458,149.214,151.118,152.323,154.751,157.299]
jwestin, 1000, 100, 100, 6, 368625.4351270758, 0.6249753064084809, 2.1435228331780056, 2.032863283917882, 4.419781931464175, 2.4781485895907824[, 160.80658008658008, 152.13655936026245, 357.9765736402526, 188.6592147476702]
,[, 2.7685791595377114, 214.89473195869135,2.949,3.964,6.273,6.915,9.497,10.15,11.734,13.515,14.876,17.049,17.712,20.016,21.089,21.997,24.424,25.178,28.068,28.391,30.908,32.087,32.814,35.283,35.755,38.703,38.885,41.705,42.743,43.344,46.023,46.578,49.511,49.719,52.259,52.995,54.199,56.809,57.545,60.137,60.608,63.07,65.031,65.031,67.614,68.988,70.868,71.527,74.179,74.998,77.194,78.201,78.849,81.242,82.414,84.496,85.603,87.928,88.587,90.306,91.613,93.495,94.268,96.201,97.569,99.948,100.505,103.128,104.217,105.619,107.025,109.215,110.255,111.328,112.702,114.408,117.023,117.602,118.901,120.67,122.543,123.826,125.043,127.452,129.289,131.426,132.946,134.651,136.7,138.828,140.118,142.865,143.446,146.171,147.531,150.098,151.129,153.823,155.282,157.817,158.433,160.284]
jwestin, 1000, 100, 100, 6, 369676.5280595417, 0.6267573514464344, 2.071666175417912, 2.028389386240826, 3.922552166934189, 1.9017125115218554[, 159.60562411317022, 154.09504013171434, 372.6609585465177, 184.09821472726372]
,[, 2.4810800600286957, 217.61495937966652,3.608,4.845,6.652,8.776,10.689,12.516,14.696,16.331,18.438,19.801,22.078,23.645,25.94,27.343,29.558,31.24,33.076,35.009,36.488,38.659,39.368,41.355,42.838,43.422,46.151,46.688,48.697,49.643,51.727,52.8,55.357,56.676,57.338,59.71,60.273,63.275,63.726,66.108,67.675,69.712,70.366,72.089,73.732,74.788,76.981,77.778,80.394,81.151,82.329,84.182,85.838,88.262,89.416,90.865,92.062,93.239,95.303,97.807,98.738,99.459,102.224,102.636,104.859,105.86,108.26,109.369,110.104,112.061,112.806,114.748,116.817,117.242,119.846,120.24,122.792,124.652,125.187,127.674,129.426,130.655,131.523,133.536,134.459,137.055,137.648,139.201,140.731,143.595,143.91,146.081,146.75,149.044,150.152,152.494,153.401,154.285,156.43,157.227,159.986,160.682]
jwestin, 1000, 100, 100, 6, 378209.7059234867, 0.64122468045296, 2.262582056892779, 2.0804036727603608, 3.9350142420086507, 2.1921764242583355[, 162.14476335467694, 153.37672650475184, 385.07138150669886, 162.37310428130453]
,[, 2.6175440989800314, 215.74149391185804,3.083,4.017,6.299,7.132,8.865,10.243,12.334,13.328,14.705,16.697,17.107,19.944,20.362,21.282,23.814,24.409,26.899,27.379,30.015,31.077,33.112,33.918,36.133,36.434,39.315,40.191,41.388,43.575,44.158,46.87,47.276,50.178,50.668,53.114,53.916,55.099,58.141,58.773,61.659,62.053,63.206,65.806,66.861,68.807,70.375,72.236,73.736,74.669,76.768,77.85,80.047,80.786,83.338,84.18,86.469,87.62,88.512,90.701,93.065,93.895,96.229,97.172,98.526,100.674,101.782,103.878,104.149,107.14,107.547,109.014,110.482,112.978,113.772,116.718,117.601,119.936,120.928,121.322,123.156,124.433,127.671,128.143,129.365,132.285,132.789,135.333,136.301,136.955,139.386,141.711,142.179,143.101,145.927,146.533,149.151,149.778,151.547,154.052,156.137,157.287]
jwestin, 1000, 100, 100, 6, 376727.1069922899, 0.6387110510801356, 1.789797713280563, 2.1869517320168104, 4.213241616509028, 2.1139140370923792[, 165.57488917745042, 151.4460851791599, 395.9104578096948, 164.63848605935436]
,[, 2.5759762747246953, 219.39247955641486,2.872,4.906,6.078,7.83,9.832,10.587,12.864,13.893,15.429,17.379,18.637,20.521,21.866,23.908,24.874,25.882,28.279,29.221,31.558,32.481,34.718,35.038,37.453,39.185,40.362,42.519,42.892,45.575,46.677,48.358,50.344,50.755,53.083,53.89,55.813,56.922,58.529,60.532,61.515,64.496,64.887,67.522,68.491,70.529,72.018,74.196,75.038,77.057,78.123,79.201,81.573,82.724,83.998,85.606,87.48,88.78,91.45,92.239,94.56,95.154,96.638,98.52,100.271,102.226,102.969,105.123,105.72,107.592,109.271,110.471,113.379,113.819,115.319,117.335,118.654,120.193,122.312,123.375,125.27,126.212,129.069,129.951,130.7,133.311,133.625,135.327,137.255,138.953,141.072,142.009,143.388,145.703,146.47,148.656,149.555,150.666,152.447,153.938,156.442,157.96]
jwestin, 1000, 100, 100, 6, 373032.2896466025, 0.6324467801354345, 1.9841619005719315, 1.9744341312489821, 4.24020424020424, 1.878448200367808[, 166.74989900803448, 152.88442211055278, 413.1490668830416, 164.83524476772726]
,[, 2.5193121180982403, 224.404658192339,2.784,4.07,5.93,7.308,9.314,10.633,12.042,13.973,15.242,17.484,18.99,20.608,21.359,23.887,24.251,27.143,27.603,29.482,30.569,32.818,34.261,35.228,37.509,38.265,40.668,42.972,43.893,45.034,47.291,48.226,50.365,51.582,53.321,54.75,56.835,57.954,59.613,60.392,63.625,63.794,66.802,67.124,68.304,70.453,72.847,73.768,76.025,77.006,78.248,80.266,82.704,83.632,84.855,86.778,88.048,89.782,91.124,93.589,94.121,96.432,97.957,98.911,100.825,101.879,104.265,105.394,107.9,109.14,111.283,111.476,113.382,115.588,115.937,118.013,120.052,121.412,122.959,125.454,126.161,128.654,129.21,130.684,133.113,133.531,136.068,136.918,138.956,140.611,142.011,143.368,144.716,146.379,148.012,150.645,151.316,153.356,154.99,155.491,158.326,159.324]
jwestin, 1000, 100, 100, 6, 372297.94928335166, 0.6312017640573319, 2.057704221612532, 2.0824759239443575, 4.026115342763874, 2.0733159821783054[, 167.12646274793295, 153.83347343644922, 401.66179138321996, 165.92328483265013]
,[, 2.5599028676247673, 222.13625310006307,2.754,5.021,5.657,7.173,9.03,10.21,12.328,14.286,15.545,16.707,18.552,19.839,21.704,22.377,25.274,26.129,28.466,29.516,30.102,32.667,34.113,36.292,36.815,38.126,40.833,41.246,43.785,44.472,47.039,47.52,50.404,51.487,53.346,53.895,56.772,57.628,58.792,60.57,61.353,64.072,64.663,67.606,68.204,69.817,71.659,72.255,74.912,75.842,78.545,78.928,81.675,82.265,84.678,85.417,87.512,89.484,91.594,92.083,93.345,95.63,96.696,99.118,99.819,102.289,103.745,105.86,105.936,109.089,109.987,110.768,113.578,113.934,115.26,117.343,118.563,120.81,122.239,123.976,124.52,127.198,128.19,130.681,131.394,133.713,134.201,136.698,138.106,140.304,140.647,143.382,144.047,146.477,148.863,149.759,150.522,153.2,153.523,156.926,158.496,158.71]
