jwestin, 1000, 100, 100, 6, 378933.6999968023, 0.6424521552137626, 2.019538266088404, 2.00988331049375, 4.9000644745325594, 2.1507731394279204[, 161.38826790664402, 153.68555324829427, 386.9178531073446, 161.6639358939923]
,[, 2.7700647976356585, 215.9139025390688,2.615,4.447,6.48,7.363,9.111,10.506,12.124,13.654,15.828,16.638,18.99,19.541,22.276,23.249,25.284,26.172,28.479,29.451,31.618,32.642,34.137,36.136,36.612,39.471,40.0,42.709,43.029,44.491,46.854,48.998,50.309,51.111,53.209,53.981,56.356,56.981,59.476,60.773,62.962,63.96,65.902,66.918,67.914,70.542,71.776,73.963,74.571,75.613,77.644,80.2,81.408,81.817,84.553,85.587,87.68,88.31,90.679,91.559,92.509,94.874,96.11,98.277,98.379,101.265,102.571,104.359,105.352,107.536,108.677,110.847,111.838,113.333,114.886,117.079,118.203,120.485,121.19,123.491,124.684,125.737,127.741,129.712,131.034,132.15,134.558,135.527,136.869,138.648,139.783,141.227,142.623,144.238,145.61,147.337,149.765,150.812,152.608,153.357,155.524,156.352]
jwestin, 1000, 100, 100, 6, 384079.5700317295, 0.6511765713699842, 2.0534693518599947, 2.232515439826406, 4.0585426614075155, 1.8282743733204105[, 165.10181818181817, 156.2333006103547, 372.68495077355834, 165.50498115239634]
,[, 2.543200456603582, 214.8812626795319,2.673,4.036,6.235,7.034,9.395,10.994,11.916,13.469,14.628,16.813,17.475,20.236,21.035,23.417,24.352,24.919,27.687,28.185,30.388,31.561,33.806,34.85,35.646,38.283,39.339,41.721,42.102,44.554,45.191,47.853,48.712,49.427,51.469,52.662,55.454,55.963,56.966,58.957,60.374,62.457,63.328,65.819,66.716,69.245,69.479,70.567,73.307,74.017,76.468,77.266,79.768,80.12,81.315,83.903,85.098,85.541,87.682,90.208,90.769,93.21,93.836,94.72,97.287,97.81,100.657,100.998,103.888,104.44,105.285,107.788,108.568,111.11,111.768,114.259,115.425,117.347,118.465,120.709,121.682,122.603,125.3,125.635,128.381,129.129,131.648,132.406,133.522,135.925,136.263,137.553,140.195,142.038,143.349,145.02,145.899,148.962,149.225,152.117,153.008,154.418]
jwestin, 1000, 100, 100, 6, 382864.1254504824, 0.649115881094161, 1.9981514898111878, 2.20985225798351, 4.459779585951179, 1.936619718309859[, 166.2782593074954, 157.5735073828376, 367.34562311341097, 165.98370736086176]
,[, 2.6511007630139343, 214.29527429115143,2.596,4.129,6.238,7.236,9.407,10.527,11.642,13.695,14.777,16.302,17.702,20.04,21.195,23.354,24.213,25.009,27.97,29.089,29.488,32.07,32.611,35.593,36.226,38.804,39.307,41.117,43.315,43.639,46.024,47.682,49.302,50.019,50.976,53.675,54.062,57.047,57.152,58.695,61.256,62.343,64.389,64.649,67.458,68.051,69.215,71.161,73.045,75.099,75.838,78.145,79.12,80.121,82.612,83.652,85.639,86.825,88.9,89.589,92.098,93.118,93.85,96.587,97.356,98.272,100.223,102.061,104.391,105.006,107.122,108.277,110.225,112.04,112.181,115.301,115.434,118.224,118.748,121.477,122.089,122.874,125.663,126.054,128.757,129.328,131.9,132.787,133.923,134.861,136.816,139.344,139.823,140.977,143.779,144.805,146.875,147.856,150.276,152.672,153.568,154.82]
jwestin, 1000, 100, 100, 6, 381143.97287020856, 0.646199498274415, 2.0877009084556253, 2.116158229969829, 4.196324232444491, 2.0996689318696635[, 161.54808635917567, 155.49193030523566, 384.96651142160124, 161.51948918750557]
,[, 2.624963075684902, 215.88150431837954,2.557,4.308,5.928,7.571,8.935,10.138,12.637,13.376,15.472,16.553,18.103,20.027,20.86,23.3,23.711,25.835,27.259,29.241,30.237,32.367,33.581,34.633,37.156,37.932,40.052,41.431,42.011,44.628,45.137,47.293,48.338,50.992,51.608,52.952,54.923,55.596,58.49,58.888,61.551,62.024,64.833,65.622,66.338,69.056,69.514,71.918,72.604,74.996,76.021,78.403,79.245,80.337,82.799,83.67,86.302,87.278,87.83,90.653,91.517,93.922,94.615,95.338,97.891,99.078,101.67,102.181,103.168,105.781,106.421,107.647,109.522,111.984,112.808,114.901,115.684,116.954,119.471,122.191,122.903,124.369,126.544,127.766,130.119,130.991,133.124,134.299,135.5,137.801,138.703,140.129,141.878,144.204,144.968,147.088,148.813,149.468,151.076,152.502,154.268,155.677]
jwestin, 1000, 100, 100, 6, 381359.77132850926, 0.6465653675138843, 1.979414093428345, 2.0602152338679285, 4.328327075511056, 2.159978927034858[, 165.92761622688926, 157.8421052631579, 375.32639267415243, 165.86412994705196]
,[, 2.631983832460547, 216.24006102781289,2.745,3.979,5.636,7.295,9.255,10.379,12.613,13.497,15.728,16.753,18.364,20.195,21.115,23.656,23.952,26.238,27.425,28.11,30.867,31.288,34.242,34.745,37.028,38.198,39.135,41.882,42.182,43.573,45.666,46.565,49.125,50.557,51.833,54.156,54.255,57.013,57.621,58.65,60.725,63.142,64.658,64.973,67.852,68.356,70.845,71.272,73.664,74.284,76.975,77.37,78.632,81.542,82.098,83.321,85.288,87.4,88.757,90.619,91.228,93.877,94.4,96.657,97.808,98.887,100.95,101.796,104.361,105.325,106.222,108.645,109.856,112.175,112.636,115.273,116.056,118.406,119.401,121.544,122.516,123.854,125.866,126.667,129.024,129.574,130.678,133.04,134.26,136.442,137.726,138.5,141.146,142.03,144.04,145.265,147.43,148.232,150.503,153.348,154.189,155.318]
jwestin, 1000, 100, 100, 6, 383548.0892337536, 0.6502754876603082, 2.080309627479439, 1.9953344997084062, 3.871308016877637, 1.932367149758454[, 163.31795724038807, 154.38470693246057, 378.74728409963785, 162.80546350201521]
,[, 2.469829823455984, 214.81385294362542,3.278,4.27,6.335,7.204,8.98,10.076,11.836,13.495,14.759,16.6,17.168,19.724,20.638,23.256,23.936,26.411,27.663,28.96,30.842,31.773,34.332,35.074,37.245,38.338,40.541,41.56,41.973,44.759,45.202,48.052,48.637,50.873,51.798,53.108,55.106,55.607,58.051,59.028,61.513,62.075,63.36,65.342,67.782,68.581,69.371,72.235,72.573,75.055,75.639,78.374,78.885,79.831,82.128,84.5,85.464,85.947,88.851,89.264,91.55,92.576,93.684,96.101,98.388,98.723,99.754,102.506,103.639,104.229,105.868,107.741,109.594,110.417,111.595,114.257,114.826,116.959,118.034,120.574,121.193,123.927,124.904,127.495,129.898,130.813,131.152,134.412,134.728,136.262,138.254,139.635,140.884,142.404,144.021,145.551,146.99,148.968,150.294,151.993,153.093,154.635]
jwestin, 1000, 100, 100, 6, 385137.869995137, 0.6529708353595937, 1.877644569816643, 1.9840768355870089, 3.9653784219001613, 1.9375577964683606[, 164.32099541820142, 156.0871583290356, 359.7534059945504, 163.73330639004894]
,[, 2.4411644059430433, 210.9737165329591,2.512,4.476,5.65,7.708,8.898,10.197,12.483,13.216,15.561,16.501,18.652,19.448,20.945,22.748,23.818,25.941,26.84,29.243,29.927,30.854,33.8,34.27,36.673,37.85,38.6,41.063,43.338,44.503,44.911,47.73,48.289,50.87,51.741,53.161,55.229,55.468,58.437,58.953,61.335,61.987,63.646,65.709,66.122,68.496,69.718,70.914,73.052,73.816,76.127,77.336,79.886,80.333,81.42,82.788,84.409,87.553,87.752,89.604,91.819,92.398,94.341,95.51,96.981,98.243,99.614,102.509,103.178,105.679,106.51,107.104,110.01,110.737,111.701,114.47,114.932,117.852,118.251,120.417,121.71,122.527,125.49,127.541,128.151,129.765,132.024,133.017,135.372,136.297,137.472,139.751,141.46,142.238,143.699,146.018,146.699,149.136,149.899,151.153,153.129,154.212]
jwestin, 1000, 100, 100, 6, 377032.04751152685, 0.6392280536423184, 2.7199301462562757, 2.2359637986813548, 3.3839706652697745, 2.660715067174303[, 167.20029620321336, 157.61538139320572, 390.72598134894815, 168.09099491975005]
,[, 2.750144919345427, 220.90816346627932,3.15,4.092,6.115,7.478,8.602,10.715,11.751,13.005,15.086,16.244,18.299,18.99,19.806,21.773,24.334,25.404,26.431,28.598,28.862,30.495,32.774,33.55,34.94,37.433,38.883,41.047,41.425,44.361,44.974,46.321,48.716,49.096,51.72,52.274,55.161,55.635,58.258,58.847,61.274,62.468,63.067,66.046,66.354,68.384,70.777,71.044,73.793,74.725,75.998,78.583,79.19,81.727,82.719,83.322,85.814,86.921,88.579,91.147,91.923,92.744,95.335,96.252,98.795,99.302,102.096,102.814,104.035,105.507,108.525,109.348,110.757,112.536,113.555,114.469,116.762,118.946,120.33,121.307,123.446,125.411,126.171,128.741,128.862,130.481,133.345,134.058,136.395,137.22,139.805,140.321,141.482,144.397,146.227,146.926,148.276,150.869,152.148,153.551,155.465,158.096]
jwestin, 1000, 100, 100, 6, 374821.0141342535, 0.635479421207434, 2.134453046406858, 2.068629836943295, 4.18848167539267, 1.8796170826594394[, 164.248, 153.457049370444, 394.92037470725995, 165.27429055107586]
,[, 2.567795410350566, 219.47492865719494,3.239,4.0,6.45,7.893,8.838,11.021,12.685,14.297,15.207,17.407,18.771,20.439,21.83,22.315,24.894,26.053,28.269,28.564,31.455,31.965,34.304,35.193,36.524,38.794,39.893,42.217,43.372,45.662,45.865,48.667,49.515,51.855,52.7,54.935,55.927,57.934,58.888,61.195,62.158,62.946,66.056,66.984,69.266,69.652,70.615,73.607,74.15,76.754,77.717,78.574,80.656,81.675,84.773,85.495,87.388,88.152,89.59,91.798,92.631,95.226,96.001,98.776,100.079,102.658,103.242,105.005,107.141,107.915,109.971,111.237,113.408,114.416,115.999,117.451,119.184,121.129,122.105,123.634,125.294,126.62,128.313,130.928,132.292,133.137,135.507,136.517,138.952,139.4,142.565,142.635,144.982,145.958,148.448,149.342,150.595,153.541,153.913,156.762,157.398,159.651]
jwestin, 1000, 100, 100, 6, 375105.1575368915, 0.6359611639012511, 1.932516693937116, 1.9666048237476808, 4.57481162540366, 1.9105762473647223[, 168.41071428571428, 156.49486920682983, 394.6947546531303, 166.093225272019]
,[, 2.5961273476132947, 221.42339085442336,2.596,4.055,6.356,7.442,8.774,10.938,12.343,14.118,15.087,17.378,18.402,20.413,21.082,23.289,24.347,25.242,27.809,28.808,30.925,31.547,33.963,34.839,37.451,38.561,39.247,41.426,42.841,45.472,45.859,48.685,49.779,50.496,52.87,55.006,55.792,57.598,59.741,60.285,62.501,64.166,64.512,67.35,68.223,70.645,71.227,73.969,74.571,75.416,78.072,78.977,81.161,82.28,84.248,85.355,86.31,88.896,91.006,92.11,93.096,95.659,96.069,97.98,99.546,101.493,102.577,104.157,105.261,107.404,109.84,110.755,112.636,113.511,114.808,116.193,117.77,119.99,120.752,123.3,124.231,127.363,127.835,130.6,131.456,133.797,134.522,136.177,138.189,138.984,141.417,143.198,144.325,145.716,147.8,149.038,150.24,152.51,153.428,155.771,156.87,157.95]
