jwestin, 1000, 100, 100, 6, 381460.92544822604, 0.646736866333391, 2.0209939457293435, 2.2191972940642657, 3.792641451097599, 2.2291158874362953[, 161.2487219382085, 151.80375448217674, 373.68505623995713, 163.88890399782431]
,[, 2.565487144581876, 212.65660916454166,2.462,4.504,5.617,7.805,8.684,10.743,11.679,13.828,14.77,16.345,17.938,19.315,21.492,21.914,24.534,25.024,26.05,28.631,29.156,32.03,32.898,35.426,36.137,37.04,39.57,40.409,43.174,44.075,44.843,47.391,47.939,50.837,50.961,53.802,54.312,56.953,57.265,59.153,60.532,62.597,64.866,65.387,67.339,68.885,70.028,72.411,72.935,74.957,76.77,77.334,78.482,81.185,81.866,83.788,86.287,87.097,88.361,90.366,91.229,93.307,94.729,97.061,98.098,100.579,101.392,103.896,104.501,107.064,107.631,109.303,111.4,112.295,114.202,115.144,116.674,118.294,119.984,121.892,123.444,125.249,126.323,128.624,129.454,130.827,133.398,133.718,135.227,136.584,138.135,140.363,141.448,143.235,145.963,146.53,148.188,149.89,150.44,153.041,153.924,156.211]
jwestin, 1000, 100, 100, 6, 381610.0302192503, 0.6469896616944212, 2.1033680235366443, 1.963966213123622, 4.6274676289535135, 2.0899690213360094[, 166.3820758948596, 157.13097916047707, 379.71377698642334, 164.674064171123]
,[, 2.6961927217374475, 216.97522405322076,3.202,4.006,6.239,7.742,8.759,10.693,12.225,14.101,15.308,16.63,18.663,19.228,21.695,22.559,24.756,25.91,28.133,29.282,29.998,32.504,33.626,35.87,36.501,39.088,39.913,40.88,43.084,43.918,46.615,46.876,49.829,50.365,52.149,54.19,55.193,57.24,58.014,58.844,61.407,62.259,65.122,65.709,66.695,68.7,71.12,71.566,73.993,75.163,77.515,78.562,78.841,81.921,82.457,84.87,86.198,86.589,88.952,89.864,91.091,93.095,95.918,96.103,98.101,100.254,101.239,103.389,104.144,105.938,106.812,107.916,110.729,111.386,113.949,114.159,115.577,118.596,118.681,121.406,121.871,124.586,125.111,127.443,128.357,130.832,131.819,132.414,135.058,135.82,138.311,138.753,139.97,142.133,144.797,145.727,146.201,149.254,149.869,152.361,153.195,155.517]
jwestin, 1000, 100, 100, 6, 383603.34905206424, 0.650369176317112, 2.0744356314826113, 2.0832467046446834, 4.138001848239039, 1.9267654751525718[, 160.99176680017803, 152.93447426533038, 368.9575835475578, 160.98893234954218]
,[, 2.555612414879726, 210.96818924065212,3.243,3.891,6.188,7.979,9.315,10.845,11.986,13.419,15.498,16.48,18.749,19.19,21.765,22.752,24.473,26.086,27.177,29.268,29.598,32.51,32.735,35.386,36.35,38.659,39.613,40.878,43.0,43.473,45.838,46.99,48.091,50.875,51.411,53.997,54.591,55.72,58.114,59.269,61.043,62.351,64.273,65.004,67.252,68.344,69.277,72.139,72.24,75.289,75.425,77.454,79.303,80.135,81.432,83.431,84.529,86.988,87.412,90.04,90.383,93.281,93.752,95.002,98.393,99.868,100.215,103.007,103.639,106.031,106.973,108.375,110.472,111.382,113.822,114.399,116.638,117.993,119.698,121.129,121.963,124.333,125.226,127.818,128.516,131.262,131.444,134.441,134.595,136.111,137.727,140.24,141.37,142.846,144.6,145.256,147.726,148.698,150.515,151.915,152.908,155.851]
jwestin, 1000, 100, 100, 6, 381564.64963838004, 0.6469127225043064, 2.119018188239449, 1.9659513949889154, 4.85212082938638, 1.9901806066982288[, 165.88097600577305, 157.4093100652814, 373.1810840707965, 164.8964576437964]
,[, 2.731817754828243, 215.3419569464118,2.937,4.87,5.67,7.193,8.674,10.813,11.578,13.818,15.155,16.15,17.952,19.056,21.202,22.281,24.812,25.108,27.912,28.486,29.636,32.223,32.747,35.167,36.118,38.761,39.383,41.539,42.201,44.815,45.681,47.702,48.46,50.118,52.185,52.665,55.245,56.016,58.55,59.444,60.413,62.715,64.742,65.846,66.338,69.174,69.552,72.202,73.1,75.531,76.107,77.904,79.673,81.084,83.306,84.023,86.355,87.444,89.389,90.492,91.311,93.67,95.021,97.254,98.326,98.99,101.71,102.153,103.614,106.036,107.198,109.066,109.839,112.036,113.022,113.93,116.278,117.816,120.087,120.53,122.917,123.863,125.06,127.199,128.072,130.434,131.734,133.582,134.156,136.896,137.542,138.671,141.499,141.875,144.721,145.475,146.166,149.17,150.189,152.34,153.815,154.981]
jwestin, 1000, 100, 100, 6, 385779.5829102554, 0.6540588089163131, 2.140512147078135, 2.056868848321696, 4.4419251777800675, 1.8647504849232939[, 159.1358024691358, 153.55572256817695, 365.06805435720446, 161.16320021562373]
,[, 2.626014164525798, 209.73069490253525,3.242,4.101,5.67,7.734,8.473,10.363,11.767,13.238,14.868,16.75,17.94,19.246,21.201,22.629,24.929,25.848,27.314,29.219,30.441,32.624,33.609,35.292,36.831,38.819,40.406,40.919,42.463,44.491,45.166,47.68,48.342,49.613,51.644,52.685,53.784,56.459,57.595,59.812,60.537,63.039,63.59,65.186,67.535,68.554,69.533,71.601,74.144,74.762,75.703,78.542,78.944,81.177,82.42,84.743,85.423,87.826,88.581,91.097,91.38,93.079,95.036,95.772,99.027,99.467,102.211,102.83,105.221,106.222,108.482,109.78,110.346,111.929,113.626,115.561,116.697,118.028,119.725,121.829,122.785,123.85,125.968,127.04,128.765,129.888,132.168,133.354,134.404,135.948,137.669,139.51,140.812,142.644,143.235,145.399,146.276,147.751,149.868,150.662,152.735,153.621]
jwestin, 1000, 100, 100, 6, 378186.31351089035, 0.6411850204652411, 2.3946570587459908, 2.0248257660109696, 4.178782983306408, 1.93062106051924[, 164.9917619519222, 154.89283609731459, 393.25896369562776, 165.9456155332824]
,[, 2.6322217171456517, 219.77229431953674,2.552,3.811,5.718,7.086,8.955,10.737,12.007,13.069,14.523,16.063,17.158,19.329,20.348,22.684,23.641,24.345,27.277,27.761,30.106,31.453,32.629,34.851,36.104,38.151,38.874,39.848,41.9,42.898,45.072,46.274,49.001,49.399,51.385,52.474,55.22,56.028,57.31,59.788,60.867,62.72,63.772,66.004,66.912,67.684,70.358,72.274,73.114,74.931,76.467,78.977,79.665,80.417,83.426,83.625,86.491,86.777,89.766,89.94,92.109,93.357,95.824,97.207,97.664,100.22,100.875,102.53,103.804,106.686,107.251,109.561,110.763,111.776,113.756,115.245,117.102,119.705,120.553,121.28,123.896,124.389,127.934,128.354,130.936,131.246,133.942,135.214,137.02,138.321,140.48,141.28,142.5,144.642,145.961,148.144,149.528,151.269,152.506,153.647,155.559,156.592]
jwestin, 1000, 100, 100, 6, 374946.1241536417, 0.6356915353624839, 1.9605239865462913, 2.086651149495692, 5.287107258938245, 1.884881314132206[, 170.20611203900148, 157.02310451246976, 392.84911919469226, 169.58297051034606]
,[, 2.8047909272781086, 222.41532656412738,2.69,4.369,6.046,7.133,9.398,10.37,12.597,13.767,16.04,16.89,18.237,20.259,21.243,23.833,24.899,27.079,28.35,29.019,31.512,32.274,34.605,35.37,37.884,38.81,39.823,42.311,43.392,45.749,46.271,48.679,49.4,50.518,52.859,54.071,56.26,57.316,59.814,60.772,61.738,64.239,64.591,67.317,67.731,70.852,71.021,73.413,74.511,76.624,77.5,78.777,80.703,81.703,84.281,84.954,87.514,88.519,90.064,91.299,93.841,94.753,97.055,97.676,100.488,101.459,102.629,104.549,105.228,107.871,108.492,111.439,112.187,114.172,115.343,116.729,119.022,120.166,122.16,123.164,123.685,126.344,127.507,129.703,130.428,131.485,133.479,134.637,136.86,137.942,140.491,141.035,143.74,144.405,146.988,147.533,148.645,150.655,154.179,154.614,156.981,158.015]
jwestin, 1000, 100, 100, 6, 375503.8243089739, 0.6366370719214103, 1.981418695786183, 2.142304402720645, 4.535268381175968, 2.2844089091947457[, 170.27182067292574, 156.62300744995213, 392.2691705790297, 168.81792024457133]
,[, 2.7358500972193855, 221.9954797366197,3.265,4.101,6.271,7.77,9.274,10.441,12.669,13.999,15.235,17.159,17.857,20.385,20.77,23.726,24.181,26.325,28.033,28.817,31.27,31.972,34.885,35.781,37.583,38.614,39.795,42.566,43.049,45.711,46.545,47.881,49.955,51.062,53.195,54.425,56.853,57.868,58.424,61.355,62.019,64.462,65.156,67.521,68.404,69.228,71.1,72.212,75.02,75.864,77.63,79.36,80.303,82.515,83.487,84.564,86.905,87.69,90.417,90.871,93.71,94.158,96.495,97.474,100.042,100.823,103.458,104.148,105.255,107.505,108.191,110.808,112.135,114.191,115.076,117.585,118.243,119.335,122.025,122.192,124.676,125.653,126.828,128.747,129.989,132.448,134.633,135.305,137.605,138.778,139.987,142.507,143.246,145.715,146.602,147.185,149.884,150.687,153.99,154.432,156.08,158.444]
jwestin, 1000, 100, 100, 6, 373439.3388972776, 0.6331368999858901, 2.1649029982363315, 1.790983606557377, 4.973416038989809, 1.884377758164166[, 169.05169227995853, 157.86604348370403, 406.0039631658702, 170.0260873476364]
,[, 2.703420100486921, 225.7369465692923,2.77,4.941,6.158,7.331,9.725,10.507,12.557,13.746,15.247,16.996,18.46,20.029,22.28,23.438,24.613,26.968,27.546,30.04,30.616,32.35,33.694,36.272,37.454,38.244,40.852,41.307,43.492,44.757,46.729,48.328,49.359,50.92,52.9,55.186,55.838,58.058,58.75,60.128,61.989,64.449,65.231,67.615,68.882,69.573,72.443,72.797,75.233,76.114,78.71,79.51,80.739,82.792,85.342,85.935,88.298,89.714,90.088,92.501,93.934,95.99,96.496,99.006,100.487,102.393,103.229,104.357,106.463,107.4,109.561,110.803,113.496,113.532,116.107,117.42,118.218,120.549,121.363,124.134,125.164,127.479,127.986,130.234,131.735,133.544,134.392,136.947,138.12,138.728,141.243,141.978,144.487,144.814,147.529,148.01,150.63,151.154,154.214,155.414,157.926,158.265]
jwestin, 1000, 100, 100, 6, 380802.4744218148, 0.6456205146311693, 2.0734416517837695, 2.058176687829371, 3.9050131926121368, 1.9607843137254901[, 161.29269160624528, 153.61708257424903, 384.7645249862713, 162.85357142857143]
,[, 2.499353961487692, 215.63196764883426,2.85,4.144,6.271,7.333,9.473,10.595,12.754,13.317,16.045,16.841,18.45,20.076,20.922,23.175,25.499,26.473,27.233,29.815,30.312,32.979,33.573,36.194,37.212,39.452,40.334,42.968,43.175,46.218,46.863,49.496,50.362,51.721,52.396,54.337,55.625,57.41,59.716,60.88,61.887,64.115,66.593,67.177,68.316,70.596,71.146,73.934,74.356,76.793,77.922,79.062,81.252,82.001,84.121,85.745,87.721,87.99,90.033,90.974,92.457,94.383,96.621,96.918,98.886,100.911,101.473,104.395,104.663,107.244,107.824,110.155,110.897,112.327,113.832,115.57,117.841,118.72,120.981,121.822,123.743,124.962,127.172,128.154,129.296,131.594,132.532,134.895,135.653,137.013,138.938,140.327,142.265,143.43,145.074,146.77,148.979,149.918,150.956,153.382,154.115,156.464]
