jwestin, 1000, 100, 100, 6, 377361.72478715924, 0.6397869954209378, 2.1484037963761864, 1.892731583680811, 5.122160308615516, 1.9367218528269892[, 163.4518560973459, 155.40593358056586, 387.41179128077704, 169.00427758816838]
,[, 2.7750043853748756, 218.8184646367143,2.648,4.524,5.542,7.009,9.043,10.897,11.527,13.31,14.377,17.053,17.837,18.829,21.209,22.012,24.077,25.936,27.607,29.045,29.615,32.589,33.023,35.569,36.519,39.041,40.211,40.734,43.901,44.672,45.933,48.154,48.75,51.776,52.632,53.424,56.369,56.974,59.475,60.686,62.902,63.797,64.633,65.807,68.606,69.347,71.959,72.444,75.344,76.667,77.008,79.599,80.69,83.119,84.179,85.448,86.992,88.0,90.567,91.486,92.913,94.923,96.678,97.286,99.8,100.436,103.172,104.153,106.367,106.617,107.867,110.98,111.442,112.645,113.891,116.476,117.045,119.558,120.376,123.298,123.491,126.375,127.591,129.29,131.037,132.498,134.47,135.657,137.943,138.55,140.241,142.492,143.045,144.703,146.736,147.708,150.226,151.026,152.764,154.232,156.604,157.733]
jwestin, 1000, 100, 100, 6, 377421.78909907263, 0.6398888297171235, 2.1115486132144867, 2.049756178196545, 5.6448157669237355, 1.9984799034291592[, 164.85059452769306, 157.2883722892583, 381.2618912475877, 170.79375]
,[, 2.951150115440982, 218.54865201613478,3.371,4.795,6.551,7.435,9.554,10.716,12.749,14.112,16.106,17.194,18.317,20.444,22.173,22.659,25.506,26.045,27.567,29.928,30.946,32.994,34.178,35.113,37.535,37.945,40.673,41.802,43.027,45.35,46.13,47.284,50.388,50.388,53.357,54.114,54.98,58.058,58.074,61.008,61.804,62.905,65.179,65.752,67.994,68.997,71.712,72.353,73.947,75.923,76.756,78.124,80.237,81.588,84.309,85.394,85.784,88.255,89.654,91.93,92.495,94.976,95.982,97.187,98.145,100.45,102.821,103.751,104.423,107.454,108.471,109.704,110.934,112.409,114.974,115.702,116.763,119.434,120.571,122.615,124.251,125.068,127.021,128.541,130.055,132.16,132.5,135.325,136.736,137.346,139.967,140.587,142.111,144.378,145.346,147.736,148.489,150.061,152.137,153.739,155.787,156.781]
jwestin, 1000, 100, 100, 6, 380029.11327524344, 0.6443093418973175, 2.141486392184229, 1.9646039706552825, 4.622346729878246, 1.9399964807320078[, 160.3960422516379, 153.84767259967023, 385.2995933122458, 163.16499932708268]
,[, 2.6671083933624415, 215.67707687265917,2.901,5.034,6.154,7.212,9.309,10.876,11.899,14.264,15.063,16.631,18.454,19.7,22.191,22.812,25.176,26.463,27.534,29.922,30.578,31.661,34.431,35.384,36.33,38.845,40.016,42.143,43.746,44.228,46.786,47.87,50.394,51.036,53.591,54.259,55.2,58.131,58.637,59.698,62.585,63.331,65.583,66.362,67.479,69.78,70.502,71.851,74.677,75.295,78.186,79.028,80.313,80.972,83.523,84.377,86.796,87.356,90.437,91.164,93.407,94.369,95.631,98.822,99.504,99.905,102.631,103.919,106.136,106.963,108.665,110.152,111.611,113.071,114.875,116.419,117.72,119.174,121.698,122.312,123.378,126.819,127.549,128.464,131.384,131.531,134.398,135.332,137.808,139.111,139.644,142.831,143.215,143.637,146.7,147.854,148.89,152.309,152.309,154.553,154.561,156.067]
jwestin, 1000, 100, 100, 6, 383077.5191796037, 0.6494776733052635, 2.08414407402603, 2.089776811836496, 5.809628008752735, 2.09608123942195[, 160.9618017222345, 155.36907709382737, 383.0048786154025, 161.30682624113476]
,[, 3.019907533509303, 215.16064591814978,2.63,4.974,6.046,8.236,9.615,10.337,12.498,13.607,15.172,16.634,18.565,19.846,21.742,23.312,23.977,26.628,27.369,28.216,31.324,32.174,33.022,35.663,36.813,37.493,40.048,40.83,43.818,44.604,47.047,47.959,48.836,51.583,52.073,54.885,55.879,56.851,57.686,60.806,61.204,64.033,64.544,67.203,68.217,68.82,70.056,73.017,73.432,76.005,76.271,79.165,80.103,80.571,83.468,84.377,85.156,87.433,88.367,89.558,92.387,92.817,94.441,96.346,97.983,100.025,100.421,101.736,104.445,105.07,107.693,108.657,110.786,111.328,112.681,114.935,115.856,118.35,119.247,121.279,122.215,122.655,125.956,126.42,128.959,129.961,132.508,132.518,134.391,136.319,137.401,138.779,141.178,141.972,144.445,145.553,146.921,148.853,150.116,152.202,153.033,154.828]
jwestin, 1000, 100, 100, 6, 371312.02768820897, 0.6295302118737266, 2.261719425704895, 2.129886862342473, 6.652972726235308, 1.9709993922028306[, 168.6221406132472, 157.53649004442983, 414.1466992665037, 169.3052258635961]
,[, 3.253894601621377, 227.4026389469442,2.728,4.837,6.389,7.412,9.615,11.249,13.119,14.683,15.493,17.628,18.357,20.792,21.322,24.295,24.925,26.34,29.108,29.524,31.728,32.989,33.992,36.772,37.14,40.174,41.134,42.207,44.403,45.121,47.441,49.159,49.633,52.44,53.189,54.821,56.871,58.048,60.54,60.966,62.168,64.839,65.918,68.312,70.233,70.582,73.028,73.54,76.186,76.832,78.046,81.028,81.365,84.172,84.915,86.519,88.957,89.399,92.113,93.574,93.806,96.685,97.426,98.385,101.331,102.01,104.617,105.597,106.347,109.355,110.001,112.416,113.242,114.575,117.003,117.408,120.207,120.473,123.056,123.935,126.283,127.2,128.784,130.962,132.063,133.931,134.907,137.708,138.484,139.264,141.399,142.536,145.447,146.643,147.286,149.292,151.831,153.207,154.948,157.248,157.339,160.631]
jwestin, 1000, 100, 100, 6, 375396.3891814174, 0.6364549241492673, 2.2259005967678704, 2.0924078974150215, 5.742157188781731, 2.015146239554318[, 165.8123050877662, 154.85863373664296, 399.3190638598142, 166.5268955714476]
,[, 3.018902980629735, 221.62922456391772,2.594,4.313,6.508,6.867,9.09,10.515,12.627,13.589,15.252,16.76,17.996,20.421,21.048,23.442,24.831,26.037,28.565,29.325,31.703,32.651,33.591,36.562,37.212,39.63,40.667,41.454,44.489,44.94,47.559,48.874,49.327,52.328,53.294,55.423,56.428,57.059,58.553,60.559,62.246,64.681,65.957,66.642,69.643,70.7,71.175,73.823,74.246,76.924,77.825,78.769,81.613,83.168,83.541,86.013,87.187,89.55,91.209,91.462,94.383,95.618,96.436,98.53,99.836,102.22,102.822,104.238,106.329,108.0,109.147,110.693,111.594,113.566,115.579,116.291,118.376,120.056,122.599,123.507,124.289,127.159,128.296,130.486,131.416,132.927,134.848,135.962,137.111,139.466,140.772,143.084,143.844,145.534,147.471,148.633,150.874,151.796,153.361,155.704,156.546,158.567]
jwestin, 1000, 100, 100, 6, 376171.7752678464, 0.6377695300086915, 1.86286167261197, 2.320830268856746, 3.282405125677674, 2.2246386661229667[, 170.0427212349668, 157.1378315067347, 365.74123522217695, 174.91788693234477]
,[, 2.422683933317339, 216.9599187240558,2.514,4.898,5.673,7.367,9.081,10.249,12.315,14.2,16.085,17.063,18.129,20.175,21.743,22.81,24.173,25.805,26.45,28.1,29.378,31.136,32.719,33.384,35.491,36.398,38.558,40.41,42.125,42.695,45.469,46.335,48.721,49.112,52.171,52.533,54.799,56.308,57.04,59.345,60.22,62.765,63.32,66.09,66.57,67.987,69.796,71.44,73.03,74.309,76.72,77.409,80.416,80.879,83.08,83.978,86.72,87.737,88.619,91.402,92.232,94.559,95.345,97.975,98.427,99.593,102.39,103.034,104.239,106.679,109.088,109.842,110.605,113.187,114.014,116.625,117.369,118.361,120.42,122.892,123.601,124.932,127.504,128.718,130.834,131.213,134.004,134.401,137.133,137.744,139.402,140.974,142.225,144.611,145.62,148.179,149.299,151.58,152.54,154.63,155.629,158.379]
jwestin, 1000, 100, 100, 6, 371473.7648267488, 0.6298044244160103, 1.8454038997214484, 2.1948370987878056, 4.2573221757322175, 1.9880715705765408[, 168.83775274920185, 154.86712509264598, 388.9024363596635, 174.3949843260188]
,[, 2.571408686204503, 221.75057463188256,3.269,4.039,6.535,7.255,9.33,10.435,12.612,13.662,15.866,16.621,18.379,20.155,20.873,23.876,24.434,25.51,28.037,28.744,30.714,32.895,34.332,36.258,37.412,39.325,40.777,42.692,43.637,44.638,47.338,47.836,50.477,51.039,53.43,54.376,57.099,57.335,60.269,61.747,62.071,64.519,66.855,67.923,68.621,71.513,71.692,74.603,74.897,77.901,78.19,80.968,81.256,84.055,84.614,87.024,89.015,90.537,91.111,92.346,94.493,97.013,97.84,99.017,100.44,101.839,104.502,105.636,107.589,108.898,110.789,112.365,113.385,115.574,116.272,118.747,120.215,122.359,123.331,123.934,125.937,128.485,129.888,131.814,133.792,134.896,136.159,138.447,139.059,141.309,142.7,143.982,146.434,147.215,150.116,150.38,153.463,153.626,156.432,157.203,158.536,160.593]
jwestin, 1000, 100, 100, 6, 393991.957835129, 0.6679822418808475, 1.808762043264861, 1.76604226499207, 3.5808580858085812, 1.9949542141655765[, 162.9818568916042, 153.43251734520226, 281.00385076159506, 167.64489679172428]
,[, 2.287654152057772, 191.26578044753143,2.916,4.188,6.356,7.227,9.307,10.4,12.644,14.107,15.378,17.41,18.223,20.526,21.238,23.393,24.774,26.614,27.879,29.973,31.082,32.948,34.458,34.916,37.778,38.292,41.115,41.617,44.263,44.998,46.634,48.36,49.174,51.772,52.753,53.607,56.106,57.423,59.221,59.694,62.485,62.722,65.535,66.673,67.026,69.522,70.352,72.157,73.537,76.19,76.459,79.488,79.924,80.77,83.797,83.867,86.647,87.539,89.631,90.198,92.745,93.842,94.343,97.001,97.906,100.576,100.905,103.645,104.906,106.24,107.057,109.314,111.492,112.179,114.526,115.661,116.897,118.314,119.498,121.955,122.446,123.473,124.85,126.159,127.583,128.915,130.373,131.422,132.882,135.154,135.805,136.988,138.297,139.658,141.041,142.183,143.742,145.029,146.015,148.185,149.625,150.443]
jwestin, 1000, 100, 100, 6, 378843.7607798546, 0.6422996703760013, 2.1329278887923544, 2.111276701440636, 4.5096184169031845, 1.9466892887440281[, 163.0903724088952, 154.50947306098283, 380.31538969616906, 166.4284413278084]
,[, 2.675128073970051, 216.08591912346387,3.293,3.992,6.368,7.122,8.622,10.783,11.866,14.017,14.881,17.218,17.583,19.324,21.45,22.005,24.769,25.244,27.778,28.508,30.635,32.509,34.344,35.248,36.013,38.615,39.52,41.838,42.627,44.854,46.108,46.951,49.383,50.413,52.557,52.965,55.738,56.127,58.948,59.377,61.681,62.996,63.67,65.886,68.176,68.688,69.97,72.451,73.835,76.015,76.108,77.49,79.582,81.905,82.647,84.122,86.613,87.192,89.829,90.392,92.475,93.646,94.488,97.083,97.565,100.407,100.954,103.447,104.456,106.955,107.456,108.524,110.868,112.038,114.665,114.949,117.634,118.272,120.971,122.293,124.407,125.597,127.725,128.695,130.064,131.886,133.135,135.454,136.125,138.527,139.317,142.022,142.564,144.123,146.113,147.198,149.281,150.14,152.225,153.343,155.369,156.525]
