c14jmt, 1000, 60, 1, [1], 3609.058641203819, 0.001529718458897832, 6.312292358803987, 100.0, 100.0, 100.0, 145.25886524822695, -1.0, -1.0, -1.0, 76.578073089701, 35.56471631205674
c14jmt, 1000, 60, 2, [1], 6987.635394100984, 0.0029617459590068323, 8.185053380782918, 5.573770491803279, 100.0, 100.0, 143.05426356589146, 149.14583333333334, -1.0, -1.0, 53.43970596814655, 72.55002422480621
c14jmt, 1000, 60, 3, [1], 9815.964005999002, 0.004160547894795312, 6.25, 6.713780918727916, 8.984375, 100.0, 155.05185185185186, 151.875, 155.44635193133047, -1.0, 30.48703897968198, 115.34330094579559
c14jmt, 1000, 60, 4, [1], 12976.820916165367, 0.005500293696155704, 9.16030534351145, 9.056603773584905, 7.9422382671480145, 6.354515050167224, 150.10084033613447, 148.7344398340249, 148.64705882352942, 143.94642857142858, 8.128415608602898, 147.85719189127934
c14jmt, 1000, 60, 5, [1], 14781.043791241753, 0.006265023037059255, 8.951406649616368, 8.239700374531834, 5.537459283387622, 7.6923076923076925, 237.07022471910113, 153.81632653061226, 147.73103448275862, 143.02272727272728, 7.60521849996088, 170.4100782512998
c14jmt, 1000, 60, 6, [1], 16585.482903419317, 0.0070298440311937615, 6.25, 5.527638190954774, 9.266409266409266, 5.448717948717949, 235.82820512820513, 258.04787234042556, 152.5276595744681, 145.03050847457627, 6.623191351520497, 197.85856137941875
c14jmt, 1000, 60, 7, [1], 18172.36552689462, 0.007702452565042547, 7.231920199501247, 9.02061855670103, 5.980861244019139, 4.430379746835443, 242.0215053763441, 238.87818696883852, 238.87022900763358, 151.5562913907285, 6.665944936764214, 217.83155318588618
c14jmt, 1000, 60, 8, [1], 19349.730053989202, 0.008201484703059389, 8.201058201058201, 6.138107416879795, 5.517241379310345, 6.521739130434782, 255.13544668587897, 260.1089918256131, 232.60097323600974, 239.19379844961242, 6.594536531920781, 246.75980254927856
c14jmt, 1000, 60, 9, [1], 18428.31433713257, 0.007810937812437513, 5.800464037122969, 8.683473389355742, 9.424083769633508, 8.121827411167512, 379.2758620689655, 270.31595092024537, 239.7456647398844, 240.08563535911603, 8.007462151819933, 282.3557782720528
c14jmt, 1000, 60, 10, [1], 22971.40571885623, 0.00973655095369815, 7.172131147540983, 6.470588235294119, 4.583333333333333, 6.864988558352403, 316.2141280353201, 305.34591194968556, 212.03056768558952, 218.61179361179362, 6.27276031863021, 263.0506003205972
c14jmt, 1000, 60, 1, [2], 3148.327750837375, 0.0013344352513789599, 8.550185873605948, 100.0, 100.0, 100.0, 149.64227642276424, -1.0, -1.0, -1.0, 77.1375464684015, 36.66056910569106
c14jmt, 1000, 60, 2, [2], 6654.890851524746, 0.002820710437149364, 6.185567010309279, 8.178438661710038, 100.0, 100.0, 153.63369963369962, 152.00404858299595, -1.0, -1.0, 53.59100141800483, 75.90943705417389
c14jmt, 1000, 60, 3, [2], 10711.636200029994, 0.004540183258069354, 7.317073170731707, 6.312292358803987, 5.863192182410423, 100.0, 145.16165413533835, 145.05673758865248, 145.2491349480969, -1.0, 29.87313942798653, 108.61688166802193
c14jmt, 1000, 60, 4, [2], 13974.805038992203, 0.005923294507765114, 5.743243243243244, 7.446808510638298, 7.857142857142857, 4.854368932038835, 153.51254480286738, 149.26053639846742, 145.5891472868217, 150.7721088435374, 6.475390885765808, 149.78358433292345
c14jmt, 1000, 60, 5, [2], 14768.0002666089, 0.006259494470642472, 6.356968215158925, 7.116104868913857, 7.777777777777778, 6.164383561643835, 244.64229765013056, 164.5766129032258, 152.74698795180723, 152.66058394160584, 6.853808605873598, 178.65662061169235
c14jmt, 1000, 60, 6, [2], 15472.105578884224, 0.0065579332050256615, 8.461538461538462, 6.666666666666667, 9.05511811023622, 8.646616541353383, 242.29131652661064, 242.17195767195767, 159.2987012987013, 151.60493827160494, 8.207484944948682, 198.84172844221865
c14jmt, 1000, 60, 7, [2], 18402.719456108778, 0.007800089287698015, 5.386416861826698, 7.75, 5.938242280285035, 6.597222222222222, 239.04455445544554, 239.9918699186992, 236.61363636363637, 151.66914498141264, 6.417970341083489, 216.82980142979844
c14jmt, 1000, 60, 8, [2], 18632.76290137137, 0.007897594410100035, 8.91891891891892, 8.571428571428571, 5.569007263922518, 6.91358024691358, 254.8219584569733, 246.0596590909091, 247.75128205128206, 240.9681697612732, 7.4932337502958966, 247.40026734010942
c14jmt, 1000, 60, 9, [2], 19413.71725654869, 0.00822860601490813, 6.807511737089202, 6.265664160401002, 7.090464547677261, 8.040201005025125, 377.3727959697733, 252.24866310160428, 236.35263157894738, 238.57103825136613, 7.050960362548148, 276.13628222542275
c14jmt, 1000, 60, 10, [2], 22971.40571885623, 0.00973655095369815, 7.453416149068323, 6.214689265536723, 5.726872246696035, 6.637168141592921, 320.096196868009, 293.60843373493975, 216.72663551401868, 212.06398104265404, 6.5080364507235, 260.62381178990535
c14jmt, 1000, 60, 1, [3], 3839.4880682575654, 0.0016273871817091053, 5.063291139240507, 100.0, 100.0, 100.0, 146.52666666666667, -1.0, -1.0, -1.0, 76.26582278481013, 35.88166666666667
c14jmt, 1000, 60, 2, [3], 5247.125479086819, 0.002224021690829306, 9.787234042553191, 8.333333333333332, 100.0, 100.0, 170.32075471698113, 209.94949494949495, -1.0, -1.0, 54.530141843971634, 94.56756241661901
c14jmt, 1000, 60, 3, [3], 3596.1407075369516, 0.0015242431248715512, 11.403508771929824, 20.224719101123593, 8.403361344537815, 100.0, 454.43564356435644, 517.5774647887324, 449.8348623853211, -1.0, 35.00789730439781, 355.2119926846025
c14jmt, 1000, 60, 4, [3], 5183.049774208062, 0.002196862866807752, 6.837606837606838, 34.72222222222222, 7.246376811594203, 7.633587786259542, 475.3394495412844, 617.8510638297872, 389.234375, 401.1900826446281, 14.1099484144207, 470.9037427539249
c14jmt, 1000, 60, 5, [3], 4888.622275544891, 0.00207206822524384, 45.52845528455284, 16.666666666666664, 10.92436974789916, 5.343511450381679, 863.1940298507462, 465.15294117647056, 433.6792452830189, 417.36290322580646, 19.615750787375088, 544.8472798840105
c14jmt, 1000, 60, 6, [3], 5592.4815036992595, 0.002370402655579995, 37.79527559055118, 23.18840579710145, 6.4, 3.571428571428571, 872.873417721519, 801.622641509434, 436.86324786324786, 403.2518518518518, 17.7387774897703, 628.6527897365132
c14jmt, 1000, 60, 7, [3], 6437.112577484503, 0.002728403971983381, 19.852941176470587, 8.024691358024691, 15.972222222222221, 7.462686567164178, 823.954128440367, 704.1342281879195, 771.9669421487604, 391.89516129032256, 12.828135330970419, 672.9876150168424
c14jmt, 1000, 60, 8, [3], 7294.541091781643, 0.0030918295507565154, 20.97902097902098, 6.432748538011696, 6.289308176100629, 8.641975308641975, 768.8495575221239, 662.7875, 719.7986577181208, 699.5135135135135, 10.585763250443819, 712.7373071884397
c14jmt, 1000, 60, 9, [3], 6462.707458508299, 0.002739252496722878, 63.580246913580254, 13.333333333333334, 7.647058823529412, 6.470588235294119, 953.2372881355932, 719.6615384615385, 641.656050955414, 643.5094339622641, 22.757806826434276, 739.5160778787025
c14jmt, 1000, 60, 10, [3], 7512.097580483903, 0.003184042011042236, 50.53191489361703, 34.054054054054056, 8.542713567839195, 5.472636815920398, 840.9354838709677, 829.2213114754098, 556.3571428571429, 555.6210526315789, 24.650329832857672, 695.5337477087749
c14jmt, 1000, 60, 1, [4], 268.75968604709294, 4.5566081754403506E-4, 62.5, 100.0, 100.0, 100.0, 788.047619047619, -1.0, -1.0, -1.0, 90.625, 196.26190476190476
c14jmt, 1000, 60, 2, [4], 1650.9523571464279, 0.002799059307770501, 35.2112676056338, 9.782608695652174, 100.0, 100.0, 696.8260869565217, 588.0, -1.0, -1.0, 61.248469075321495, 320.70652173913044
c14jmt, 1000, 60, 3, [4], 3314.5923247404644, 0.0056196294568218045, 9.900990099009901, 20.98765432098765, 6.306306306306306, 100.0, 548.934065934066, 633.359375, 500.83653846153845, -1.0, 34.298737681575965, 420.53249484890114
c14jmt, 1000, 60, 4, [4], 4491.97647098032, 0.007615791271600206, 8.235294117647058, 16.091954022988507, 7.2727272727272725, 7.547169811320755, 672.6923076923077, 618.6301369863014, 502.6470588235294, 524.295918367347, 9.786786306170898, 579.5663554673714
c14jmt, 1000, 60, 5, [4], 4863.0273945210965, 0.008244878802017375, 56.779661016949156, 7.766990291262135, 8.620689655172415, 3.7593984962406015, 920.4313725490196, 537.4631578947368, 465.04716981132077, 423.625, 19.23168486490608, 586.6416750637693
c14jmt, 1000, 60, 6, [4], 16291.14177164567, 0.0276203439867582, 6.25, 5.774278215223097, 7.017543859649122, 6.484641638225256, 247.32533333333333, 262.3147632311978, 147.95849056603774, 147.0109489051095, 6.3816159282743685, 201.15238400891957
c14jmt, 1000, 60, 7, [4], 18095.2793561395, 0.030679116746927054, 8.25, 8.860759493670885, 5.89622641509434, 4.9504950495049505, 235.95367847411444, 235.19444444444446, 233.7017543859649, 155.39930555555554, 6.989370239567544, 215.06229571501984
c14jmt, 1000, 60, 8, [4], 18773.532401313045, 0.03182904120773832, 7.631578947368421, 11.267605633802818, 5.7007125890736345, 5.386416861826698, 257.93732193732194, 245.74603174603175, 240.8816120906801, 237.03960396039605, 7.496578508017894, 245.40114243360745
c14jmt, 1000, 60, 9, [4], 19631.27374525095, 0.0332832739007754, 6.451612903225806, 7.874015748031496, 5.263157894736842, 6.61764705882353, 369.61330049261085, 254.03703703703704, 245.9520202020202, 241.60892388451444, 6.551608401204418, 277.80282040404563
c14jmt, 1000, 60, 10, [4], 15126.574685062988, 0.025645912484169833, 10.606060606060606, 18.4375, 5.9171597633136095, 6.097560975609756, 485.0169491525424, 438.2758620689655, 309.07547169811323, 322.60714285714283, 10.264570336245992, 388.743856444191
c14jmt, 1000, 60, 1, [5], 1036.6617784295427, 0.0017575781562458339, 14.736842105263156, 100.0, 100.0, 100.0, 553.8641975308642, -1.0, -1.0, -1.0, 78.68421052631578, 137.71604938271605
c14jmt, 1000, 60, 2, [5], 4287.285452424597, 0.007268753818807977, 6.030150753768844, 10.303030303030303, 100.0, 100.0, 254.33689839572193, 274.77702702702703, -1.0, -1.0, 54.08329526419979, 131.77848135568723
c14jmt, 1000, 60, 3, [5], 6872.340070986987, 0.01165150972321741, 6.153846153846154, 7.772020725388601, 8.333333333333332, 100.0, 262.1256830601093, 252.6573033707865, 245.89204545454547, -1.0, 30.564800053142022, 189.91875797136032
c14jmt, 1000, 60, 4, [5], 5003.79924015197, 0.008483546346286298, 6.666666666666667, 7.216494845360824, 5.825242718446602, 8.620689655172415, 532.6122448979592, 586.4444444444445, 553.6907216494845, 466.2830188679245, 7.082273471411627, 534.7576074649531
c14jmt, 1000, 60, 5, [5], 10980.386929063005, 0.018616378663911616, 11.11111111111111, 6.25, 10.194174757281553, 8.695652173913043, 295.92857142857144, 196.17777777777778, 206.23783783783784, 247.4047619047619, 9.062734510576426, 236.43723723723724
c14jmt, 1000, 60, 6, [5], 15996.800639872026, 0.027121311848741364, 6.845965770171149, 8.717948717948717, 6.164383561643835, 8.42911877394636, 238.997375328084, 240.21629213483146, 151.97445255474452, 153.2594142259414, 7.539354205927515, 196.11188356090034
c14jmt, 1000, 60, 7, [5], 6910.502724409712, 0.01171621148751104, 38.853503184713375, 9.142857142857142, 9.550561797752808, 8.823529411764707, 558.3125, 648.433962264151, 635.4037267080745, 382.44354838709677, 16.592612884272008, 556.1484343398305
c14jmt, 1000, 60, 8, [5], 7115.376924615077, 0.01206355951032016, 36.69064748201439, 3.4090909090909087, 6.896551724137931, 13.375796178343949, 730.0795454545455, 656.9, 650.6728395061729, 708.4485294117648, 15.093021573396793, 686.5252285931208
c14jmt, 1000, 60, 9, [5], 11940.01199760048, 0.020243347163900555, 25.185185185185183, 8.4, 7.3426573426573425, 8.846153846153847, 450.2227722772277, 408.69868995633186, 352.8264150943396, 383.831223628692, 12.443499093499092, 398.8947752391478
c14jmt, 1000, 60, 10, [5], 17276.25681102428, 0.0292905287187776, 10.597826086956522, 8.883248730964468, 8.378378378378379, 9.523809523809524, 426.20668693009117, 399.23119777158774, 259.25368731563424, 263.19195046439626, 9.345815680027224, 336.9708806204274
c14jmt, 1000, 60, 1, [6], 2674.798780182973, 0.004534910041271587, 7.52212389380531, 100.0, 100.0, 100.0, 204.60765550239233, -1.0, -1.0, -1.0, 76.88053097345133, 50.40191387559808
c14jmt, 1000, 60, 2, [6], 6155.774037660391, 0.010436628617452648, 6.538461538461539, 6.299212598425196, 100.0, 100.0, 176.33333333333334, 184.3361344537815, -1.0, -1.0, 53.20941853422168, 89.66736694677871
c14jmt, 1000, 60, 3, [6], 8945.55998067021, 0.015166490310109812, 4.779411764705882, 5.7034220532319395, 11.52073732718894, 100.0, 177.76061776061775, 180.6451612903226, 181.08333333333334, -1.0, 30.50089278628169, 134.6222780960684
c14jmt, 1000, 60, 4, [6], 11172.165566886622, 0.01894152419516097, 11.059907834101383, 9.090909090909092, 8.799999999999999, 7.5, 184.27461139896374, 158.9304347826087, 165.9298245614035, 186.46396396396398, 9.112704231252618, 173.89970867673497
c14jmt, 1000, 60, 5, [6], 10276.34473105379, 0.017422730731631454, 7.59493670886076, 7.772020725388601, 6.074766355140187, 4.651162790697675, 460.6666666666667, 250.52247191011236, 232.3781094527363, 242.89756097560976, 6.523221645021806, 296.61620225128127
c14jmt, 1000, 60, 6, [6], 16303.939212157567, 0.027642041036237196, 6.185567010309279, 5.808080808080808, 3.5830618892508146, 8.365019011406844, 260.06868131868134, 257.4798927613941, 164.33445945945945, 156.34439834024897, 5.985432179761936, 209.55685796994598
c14jmt, 1000, 60, 7, [6], 17992.901538000104, 0.030505543243408376, 7.246376811594203, 6.112469437652812, 5.647058823529412, 8.846153846153847, 232.44791666666666, 243.22395833333334, 238.35162094763092, 154.70042194092827, 6.963014729732569, 217.18097947213977
c14jmt, 1000, 60, 8, [6], 19132.17356528694, 0.032437088971094666, 7.474226804123711, 6.666666666666667, 7.213930348258707, 6.326034063260341, 251.01114206128133, 244.63227513227514, 237.9034852546917, 243.08831168831168, 6.920214470577356, 244.15880353413996
c14jmt, 1000, 60, 9, [6], 19349.40762834719, 0.03280539216503091, 8.076009501187649, 6.172839506172839, 6.443914081145586, 9.02061855670103, 374.4418604651163, 248.0, 235.02551020408163, 239.3626062322946, 7.428345411301776, 274.2074942253731
c14jmt, 1000, 60, 10, [6], 22613.077384523094, 0.03833868642938079, 8.041237113402062, 7.028112449799197, 6.209850107066381, 6.666666666666667, 314.30269058295966, 311.0323974082073, 206.6552511415525, 213.0095238095238, 6.986466584233577, 261.24996573556086
c14jmt, 1000, 60, 1, [7], 3429.8855171724235, 0.02326039982891455, 6.944444444444445, 100.0, 100.0, 100.0, 148.7089552238806, -1.0, -1.0, -1.0, 76.73611111111111, 36.42723880597015
c14jmt, 1000, 60, 2, [7], 6923.646058990169, 0.046953979892240184, 6.920415224913495, 6.8493150684931505, 100.0, 100.0, 148.05204460966542, 146.9485294117647, -1.0, -1.0, 53.44243257335166, 73.25014350535753
c14jmt, 1000, 60, 3, [7], 10225.325357017879, 0.06934492565251925, 6.944444444444445, 5.647840531561462, 8.856088560885608, 100.0, 147.5820895522388, 151.04577464788733, 145.39271255060729, -1.0, 30.36209338422288, 110.75514418768336
c14jmt, 1000, 60, 4, [7], 12029.594081183763, 0.08158090604101402, 6.719367588932807, 7.335907335907336, 8.203125, 7.661290322580645, 181.08050847457628, 170.6, 165.42127659574467, 177.9650655021834, 7.479922561855196, 173.76671264312608
c14jmt, 1000, 60, 5, [7], 10941.811637672465, 0.07420390921815637, 6.349206349206349, 6.5, 6.607929515418502, 6.382978723404255, 436.54661016949154, 244.33689839572193, 209.97641509433961, 202.45454545454547, 6.460028647007276, 273.32861727852463
c14jmt, 1000, 60, 6, [7], 16457.50849830034, 0.11160962251994046, 8.16326530612245, 8.205128205128204, 6.185567010309279, 4.838709677419355, 240.71666666666667, 244.70391061452514, 153.3113553113553, 150.18983050847459, 6.848167549744821, 197.23044077525543
c14jmt, 1000, 60, 7, [7], 11479.304139172165, 0.0778490135306272, 8.396946564885496, 8.270676691729323, 10.236220472440944, 7.5, 404.34583333333336, 399.1844262295082, 408.030701754386, 242.59459459459458, 8.600960932263941, 363.53888897795554
c14jmt, 1000, 60, 8, [7], 15792.041591681664, 0.1070966362283099, 7.165109034267912, 4.664723032069971, 9.034267912772584, 5.654761904761905, 322.61744966442956, 314.8960244648318, 308.4006849315069, 312.8107255520505, 6.629715470968093, 314.68122115320466
c14jmt, 1000, 60, 9, [7], 20130.37392521496, 0.13651783532182454, 7.5829383886255926, 5.693069306930694, 4.597701149425287, 6.746987951807229, 376.3974358974359, 252.6272965879265, 239.20481927710844, 236.26614987080103, 6.1551741991972, 276.123925408318
c14jmt, 1000, 60, 10, [7], 21486.902619476103, 0.14571738430091757, 7.366071428571429, 7.641921397379912, 4.535637149028078, 6.338028169014084, 351.255421686747, 339.6548463356974, 222.55656108597285, 231.21553884711778, 6.470414535998375, 286.17059198888376
c14jmt, 1000, 60, 1, [8], 2265.297960271964, 0.015362534995333955, 8.290155440414509, 100.0, 100.0, 100.0, 247.31638418079095, -1.0, -1.0, -1.0, 77.07253886010363, 61.07909604519774
c14jmt, 1000, 60, 2, [8], 6360.539910014997, 0.04313517191579181, 9.881422924901186, 6.597222222222222, 100.0, 100.0, 152.80701754385964, 151.18215613382898, -1.0, -1.0, 54.119661286780854, 75.49729341942216
c14jmt, 1000, 60, 3, [8], 10212.69788368605, 0.06925929011831361, 9.090909090909092, 4.672897196261682, 8.02919708029197, 100.0, 149.56666666666666, 145.8562091503268, 150.62301587301587, -1.0, 30.448250841865686, 111.26147292250235
c14jmt, 1000, 60, 4, [8], 10762.647470505897, 0.07298887444733275, 10.9375, 7.52212389380531, 6.3559322033898304, 5.88235294117647, 223.36257309941521, 204.6555023923445, 203.35746606334843, 186.82916666666668, 7.674477259592903, 204.5511770554437
c14jmt, 1000, 60, 5, [8], 12132.175767775907, 0.08227658262651846, 8.650519031141869, 7.834101382488479, 6.800000000000001, 5.639097744360902, 350.57575757575756, 211.915, 182.35622317596565, 177.16733067729083, 7.230929539497812, 230.5035778572535
c14jmt, 1000, 60, 6, [8], 15267.346530693863, 0.10353832011375504, 10.526315789473683, 7.633587786259542, 8.695652173913043, 6.122448979591836, 250.47368421052633, 246.42699724517905, 163.64502164502164, 151.30072463768116, 8.244501182309525, 202.96160693460203
c14jmt, 1000, 60, 7, [8], 17302.42788822049, 0.1173395988513217, 9.39947780678851, 8.564231738035264, 7.560975609756097, 7.06713780918728, 240.88184438040346, 234.72176308539946, 233.98416886543535, 151.59315589353614, 8.147955740941788, 215.2952330561936
c14jmt, 1000, 60, 8, [8], 11901.619676064787, 0.0807130240618543, 5.078125, 6.024096385542169, 8.0, 10.080645161290322, 437.32510288065845, 440.1709401709402, 420.17826086956524, 417.42152466367713, 7.295716636708123, 428.77395714621025
c14jmt, 1000, 60, 9, [8], 16482.828720443904, 0.11178133626603125, 6.301369863013699, 8.307692307692308, 8.985507246376812, 5.915492957746479, 452.46198830409355, 309.28859060402687, 278.28343949044586, 293.28443113772454, 7.377515593707325, 333.32961238407273
c14jmt, 1000, 60, 10, [8], 23560.08798240352, 0.1597770723633051, 5.930470347648262, 6.538461538461539, 4.158004158004158, 5.446623093681917, 324.5652173913044, 296.75720164609055, 215.3058568329718, 217.26958525345623, 5.518389784448969, 263.4744652809557
c14jmt, 1000, 60, 1, [9], 3263.564858018931, 0.022132465671243832, 7.9422382671480145, 100.0, 100.0, 100.0, 148.0313725490196, -1.0, -1.0, -1.0, 76.985559566787, 36.2578431372549
c14jmt, 1000, 60, 2, [9], 4594.434260956507, 0.031158001444203744, 5.213270142180095, 9.659090909090908, 100.0, 100.0, 237.785, 264.1132075471698, -1.0, -1.0, 53.71809026281775, 124.97455188679245
c14jmt, 1000, 60, 3, [9], 9879.788705404007, 0.06700160526125765, 6.985294117647059, 6.451612903225806, 6.859205776173286, 100.0, 160.55731225296444, 160.13793103448276, 156.98837209302326, -1.0, 30.074028199261537, 119.1709038451176
c14jmt, 1000, 60, 4, [9], 9751.649670065988, 0.06613260681197095, 3.3653846153846154, 9.278350515463918, 6.511627906976744, 7.537688442211055, 263.0149253731343, 234.86363636363637, 225.273631840796, 243.6141304347826, 6.673262870009083, 241.69158100308732
c14jmt, 1000, 60, 5, [9], 13898.020395920816, 0.09425198293674598, 8.81542699724518, 7.380073800738007, 5.208333333333334, 9.411764705882353, 263.3081570996979, 158.23505976095618, 162.7032967032967, 152.94372294372295, 7.703899709299719, 184.29755912691843
c14jmt, 1000, 60, 6, [9], 15369.726054789042, 0.1042326256970828, 7.59493670886076, 8.333333333333332, 5.88235294117647, 11.297071129707113, 243.83013698630137, 247.5255681818182, 156.4558823529412, 153.5943396226415, 8.27692352826942, 200.35148178592559
c14jmt, 1000, 60, 7, [9], 15574.2255844567, 0.10561947689111804, 8.536585365853659, 6.197183098591549, 6.267806267806268, 4.850746268656716, 303.14666666666665, 291.6066066066066, 293.580547112462, 182.55686274509804, 6.463080250227049, 267.7226707827083
c14jmt, 1000, 60, 8, [9], 18812.551032310745, 0.1275807768575761, 6.435643564356436, 9.254498714652955, 7.506053268765134, 8.461538461538462, 247.2275132275132, 234.8300283286119, 232.03403141361255, 239.53501400560225, 7.914433502328247, 238.40664674383498
c14jmt, 1000, 60, 9, [9], 19349.730053989202, 0.13122375524895022, 7.092198581560284, 6.313131313131313, 8.06845965770171, 7.462686567164178, 378.80152671755724, 254.32614555256066, 229.72074468085106, 240.51344086021504, 7.234119029889371, 275.840464452796
c14jmt, 1000, 60, 10, [9], 16354.856447769651, 0.11091346874843784, 11.65644171779141, 9.358288770053475, 6.811145510835913, 4.891304347826087, 489.44097222222223, 421.21238938053096, 321.62458471760795, 289.40285714285716, 8.179295086626722, 380.42020086580453
c14jmt, 1000, 60, 1, [10], 3033.1450282457627, 0.020569831191987867, 5.577689243027888, 100.0, 100.0, 100.0, 191.9029535864979, -1.0, -1.0, -1.0, 76.39442231075697, 47.22573839662447
c14jmt, 1000, 60, 2, [10], 4824.79586735544, 0.032720241070932625, 8.173076923076923, 6.532663316582915, 100.0, 100.0, 223.0890052356021, 250.53225806451613, -1.0, -1.0, 53.67643505991496, 117.90531582502956
c14jmt, 1000, 60, 3, [10], 8651.213944110244, 0.05866979942566085, 5.7915057915057915, 9.012875536480687, 8.71369294605809, 100.0, 180.84016393442624, 180.41037735849056, 174.1590909090909, -1.0, 30.87951856851114, 133.60240805050194
c14jmt, 1000, 60, 4, [10], 10083.064460767488, 0.06838015720464062, 7.936507936507936, 8.755760368663594, 6.763285024154589, 5.660377358490567, 244.20689655172413, 196.95454545454547, 226.67875647668393, 229.885, 7.278982671954172, 224.43129962073837
c14jmt, 1000, 60, 5, [10], 16381.026829336382, 0.11109094800710981, 6.597222222222222, 8.125, 5.524861878453039, 4.838709677419355, 192.41263940520446, 147.2517006802721, 147.46783625730995, 148.94915254237287, 6.271448444523654, 159.02033222128983
c14jmt, 1000, 60, 6, [10], 18495.218255846987, 0.12542872623594148, 8.148148148148149, 7.168458781362006, 8.333333333333332, 9.48905109489051, 162.18951612903226, 165.82239382239382, 148.12121212121212, 148.6290322580645, 8.2847478394335, 156.19053858267569
c14jmt, 1000, 60, 7, [10], 21427.06502636204, 0.14531158465143526, 7.755102040816326, 7.916666666666666, 8.936170212765958, 9.821428571428571, 155.11061946902655, 159.52941176470588, 156.3271028037383, 150.5148514851485, 8.607341872919381, 155.3704963806548
c14jmt, 1000, 60, 8, [10], 22814.84951399461, 0.15472310054521085, 7.766990291262135, 8.121827411167512, 8.737864077669903, 6.912442396313365, 182.67368421052632, 188.40883977900552, 175.23936170212767, 177.27722772277227, 7.88478104410323, 180.89977835360796
c14jmt, 1000, 60, 9, [10], 17117.21751371008, 0.1160835606127257, 4.62962962962963, 7.4866310160427805, 5.555555555555555, 6.842105263157896, 439.1650485436893, 306.01734104046244, 270.79411764705884, 305.2768361581921, 6.128480366096465, 330.31333584735063
c14jmt, 1000, 60, 10, [10], 29584.936304116127, 0.20063568999644724, 8.73362445414847, 7.264957264957266, 7.734806629834254, 7.262569832402235, 183.85167464114832, 184.66820276497697, 145.31736526946108, 157.36144578313252, 7.748989545335556, 167.7996721146797
